Hhel019878	XM_032932187.2	46.114	579	251	15	23	574	617	1161	8.55e-150	466
Hhel019878	XM_045174889.1	46.114	579	251	15	23	574	617	1161	8.55e-150	466
Hhel019878	XM_045174890.1	46.114	579	251	15	23	574	617	1161	8.55e-150	466
Hhel019878	XM_032928836.2	28.042	189	105	8	326	505	194	360	1.29e-05	48.1
Hhel019878	XM_032928837.2	28.042	189	105	8	326	505	194	360	2.09e-05	47.4
Hcic008091	XM_032932187.2	42.678	956	479	20	247	1139	427	1376	0.0	719
Hcic008091	XM_032932187.2	41.275	298	162	6	20	306	112	407	3.53e-57	217
Hcic008091	XM_045174889.1	42.678	956	479	20	247	1139	427	1376	0.0	719
Hcic008091	XM_045174889.1	41.275	298	162	6	20	306	112	407	3.53e-57	217
Hcic008091	XM_045174890.1	42.678	956	479	20	247	1139	427	1376	0.0	719
Hcic008091	XM_045174890.1	41.275	298	162	6	20	306	112	407	3.53e-57	217
Hcic008091	XM_032928836.2	27.488	211	114	10	690	882	195	384	5.28e-05	47.4
Hcic008091	XM_032928837.2	27.488	211	114	10	690	882	195	384	9.55e-05	46.6
Hvit011808	XM_032932187.2	73.930	257	64	2	6	260	1127	1382	1.25e-132	407
Hvit011808	XM_045174889.1	73.930	257	64	2	6	260	1127	1382	1.25e-132	407
Hvit011808	XM_045174890.1	73.930	257	64	2	6	260	1127	1382	1.25e-132	407
Abak011347	XM_032932187.2	34.725	1293	715	29	339	1534	114	1374	0.0	753
Abak011347	XM_045174889.1	34.725	1293	715	29	339	1534	114	1374	0.0	753
Abak011347	XM_045174890.1	34.725	1293	715	29	339	1534	114	1374	0.0	753
Cdom018479	XM_032932187.2	45.611	1105	528	26	5	1074	228	1294	0.0	899
Cdom018479	XM_045174889.1	45.611	1105	528	26	5	1074	228	1294	0.0	899
Cdom018479	XM_045174890.1	45.611	1105	528	26	5	1074	228	1294	0.0	899
Cdom018479	XM_032928836.2	27.228	202	116	8	681	873	181	360	2.50e-05	48.5
Cdom018479	XM_032928837.2	27.228	202	116	8	681	873	181	360	3.49e-05	47.8
Cnem010095	XM_032932187.2	46.769	1300	603	31	150	1406	121	1374	0.0	1097
Cnem010095	XM_045174889.1	46.769	1300	603	31	150	1406	121	1374	0.0	1097
Cnem010095	XM_045174890.1	46.769	1300	603	31	150	1406	121	1374	0.0	1097
Bput006317	XM_032932187.2	53.864	1294	550	18	271	1545	119	1384	0.0	1388
Bput006317	XM_045174889.1	53.864	1294	550	18	271	1545	119	1384	0.0	1388
Bput006317	XM_045174890.1	53.864	1294	550	18	271	1545	119	1384	0.0	1388
Lyun009303	XM_032932187.2	59.028	144	53	1	98	235	983	1126	7.43e-48	169
Lyun009303	XM_032932187.2	39.683	63	36	1	36	96	114	176	1.03e-06	49.7
Lyun009303	XM_045174889.1	59.028	144	53	1	98	235	983	1126	7.43e-48	169
Lyun009303	XM_045174889.1	39.683	63	36	1	36	96	114	176	1.03e-06	49.7
Lyun009303	XM_045174890.1	59.028	144	53	1	98	235	983	1126	7.43e-48	169
Lyun009303	XM_045174890.1	39.683	63	36	1	36	96	114	176	1.03e-06	49.7
Cohr020581	XM_032932187.2	43.246	1029	505	26	2	993	244	1230	0.0	761
Cohr020581	XM_045174889.1	43.246	1029	505	26	2	993	244	1230	0.0	761
Cohr020581	XM_045174890.1	43.246	1029	505	26	2	993	244	1230	0.0	761
Haxy000986	XM_032932187.2	48.395	1277	597	28	37	1265	116	1378	0.0	1121
Haxy000986	XM_045174889.1	48.395	1277	597	28	37	1265	116	1378	0.0	1121
Haxy000986	XM_045174890.1	48.395	1277	597	28	37	1265	116	1378	0.0	1121
Hcyd034048	XM_032932187.2	42.188	64	36	1	2	65	171	233	1.29e-11	57.8
Hcyd034048	XM_045174889.1	42.188	64	36	1	2	65	171	233	1.29e-11	57.8
Hcyd034048	XM_045174890.1	42.188	64	36	1	2	65	171	233	1.29e-11	57.8
Hten013220	XM_032932187.2	45.327	1284	639	25	153	1403	121	1374	0.0	1096
Hten013220	XM_045174889.1	45.327	1284	639	25	153	1403	121	1374	0.0	1096
Hten013220	XM_045174890.1	45.327	1284	639	25	153	1403	121	1374	0.0	1096
Hten013220	XM_032928836.2	26.289	194	111	8	945	1129	196	366	2.89e-04	45.4
Hten013220	XM_032928837.2	26.289	194	111	8	945	1129	196	366	4.10e-04	45.1
Hpha002491	XM_032932187.2	39.031	743	389	17	324	1007	502	1239	1.78e-156	498
Hpha002491	XM_032932187.2	40.260	308	168	6	10	308	107	407	1.26e-54	207
Hpha002491	XM_045174889.1	39.031	743	389	17	324	1007	502	1239	1.78e-156	498
Hpha002491	XM_045174889.1	40.260	308	168	6	10	308	107	407	1.26e-54	207
Hpha002491	XM_045174890.1	39.031	743	389	17	324	1007	502	1239	1.78e-156	498
Hpha002491	XM_045174890.1	40.260	308	168	6	10	308	107	407	1.26e-54	207
Hpha002491	XM_032928836.2	27.488	211	114	10	694	886	195	384	6.05e-05	47.0
Hpha002491	XM_032928837.2	27.488	211	114	10	694	886	195	384	1.01e-04	46.2
Fvir019785	XM_032932187.2	45.596	897	436	18	507	1369	504	1382	0.0	744
Fvir019785	XM_032932187.2	37.209	344	183	9	24	359	88	406	2.55e-53	205
Fvir019785	XM_045174889.1	45.596	897	436	18	507	1369	504	1382	0.0	744
Fvir019785	XM_045174889.1	37.209	344	183	9	24	359	88	406	2.55e-53	205
Fvir019785	XM_045174890.1	45.596	897	436	18	507	1369	504	1382	0.0	744
Fvir019785	XM_045174890.1	37.209	344	183	9	24	359	88	406	2.55e-53	205
Fvir019785	XM_032928836.2	25.316	237	144	8	904	1133	196	406	1.37e-04	46.6
Fvir019785	XM_032928837.2	25.316	237	144	8	904	1133	196	406	2.65e-04	45.4
Cced002122	XM_032932187.2	48.786	865	397	19	373	1217	536	1374	0.0	770
Cced002122	XM_032932187.2	38.462	273	152	6	69	333	141	405	2.34e-44	176
Cced002122	XM_045174889.1	48.786	865	397	19	373	1217	536	1374	0.0	770
Cced002122	XM_045174889.1	38.462	273	152	6	69	333	141	405	2.34e-44	176
Cced002122	XM_045174890.1	48.786	865	397	19	373	1217	536	1374	0.0	770
Cced002122	XM_045174890.1	38.462	273	152	6	69	333	141	405	2.34e-44	176
Cfus004558	XM_032932187.2	47.046	1371	664	23	2	1346	50	1384	0.0	1217
Cfus004558	XM_045174889.1	47.046	1371	664	23	2	1346	50	1384	0.0	1217
Cfus004558	XM_045174890.1	47.046	1371	664	23	2	1346	50	1384	0.0	1217
Cced016778	XM_032932187.2	47.052	865	411	18	371	1214	536	1374	0.0	748
Cced016778	XM_032932187.2	34.795	342	199	9	6	334	79	409	7.40e-48	187
Cced016778	XM_045174889.1	47.052	865	411	18	371	1214	536	1374	0.0	748
Cced016778	XM_045174889.1	34.795	342	199	9	6	334	79	409	7.40e-48	187
Cced016778	XM_045174890.1	47.052	865	411	18	371	1214	536	1374	0.0	748
Cced016778	XM_045174890.1	34.795	342	199	9	6	334	79	409	7.40e-48	187
Tper022909	XM_032932187.2	40.206	291	159	5	65	346	122	406	2.67e-58	204
Tper022909	XM_045174889.1	40.206	291	159	5	65	346	122	406	2.67e-58	204
Tper022909	XM_045174890.1	40.206	291	159	5	65	346	122	406	2.67e-58	204
Tpre010093	XM_032932187.2	30.793	1286	765	34	614	1797	108	1370	0.0	607
Tpre010093	XM_045174889.1	30.793	1286	765	34	614	1797	108	1370	0.0	607
Tpre010093	XM_045174890.1	30.793	1286	765	34	614	1797	108	1370	0.0	607
Tvap005861	XM_032932187.2	52.840	1285	542	20	106	1347	119	1382	0.0	1327
Tvap005861	XM_045174889.1	52.840	1285	542	20	106	1347	119	1382	0.0	1327
Tvap005861	XM_045174890.1	52.840	1285	542	20	106	1347	119	1382	0.0	1327
Vata007949	XM_032932187.2	47.235	1302	607	30	164	1426	118	1378	0.0	1125
Vata007949	XM_045174889.1	47.235	1302	607	30	164	1426	118	1378	0.0	1125
Vata007949	XM_045174890.1	47.235	1302	607	30	164	1426	118	1378	0.0	1125
Rfer021473	XM_032932187.2	36.492	918	490	28	69	929	501	1382	4.14e-169	530
Rfer021473	XM_045174889.1	36.492	918	490	28	69	929	501	1382	4.14e-169	530
Rfer021473	XM_045174890.1	36.492	918	490	28	69	929	501	1382	4.14e-169	530
Rfer021473	XM_032928836.2	26.842	190	110	9	465	645	198	367	1.16e-04	46.2
Rfer021473	XM_032928837.2	26.842	190	110	9	465	645	198	367	1.71e-04	45.4
Bger013944	XM_032932187.2	51.905	1181	499	23	1	1136	228	1384	0.0	1149
Bger013944	XM_045174889.1	51.905	1181	499	23	1	1136	228	1384	0.0	1149
Bger013944	XM_045174890.1	51.905	1181	499	23	1	1136	228	1384	0.0	1149
Msti020702	XM_032932187.2	36.646	1318	736	31	281	1519	75	1372	0.0	789
Msti020702	XM_045174889.1	36.646	1318	736	31	281	1519	75	1372	0.0	789
Msti020702	XM_045174890.1	36.646	1318	736	31	281	1519	75	1372	0.0	789
Nlug023289	XM_032932187.2	50.000	38	18	1	41	77	559	596	3.61e-06	43.5
Nlug023289	XM_045174889.1	50.000	38	18	1	41	77	559	596	3.61e-06	43.5
Nlug023289	XM_045174890.1	50.000	38	18	1	41	77	559	596	3.61e-06	43.5
Mper007672	XM_032932187.2	43.601	711	368	15	424	1120	565	1256	2.21e-175	552
Mper007672	XM_032932187.2	37.500	296	155	10	65	343	122	404	2.09e-40	163
Mper007672	XM_045174889.1	43.601	711	368	15	424	1120	565	1256	2.21e-175	552
Mper007672	XM_045174889.1	37.500	296	155	10	65	343	122	404	2.09e-40	163
Mper007672	XM_045174890.1	43.601	711	368	15	424	1120	565	1256	2.21e-175	552
Mper007672	XM_045174890.1	37.500	296	155	10	65	343	122	404	2.09e-40	163
Gmel001924	XM_032932187.2	46.951	1312	599	30	175	1438	115	1377	0.0	1118
Gmel001924	XM_045174889.1	46.951	1312	599	30	175	1438	115	1377	0.0	1118
Gmel001924	XM_045174890.1	46.951	1312	599	30	175	1438	115	1377	0.0	1118
Gmel001924	XM_032928836.2	26.667	195	100	7	975	1154	194	360	1.54e-04	46.6
Gmel001924	XM_032928837.2	26.667	195	100	7	975	1154	194	360	2.67e-04	45.4
Fvar002427	XM_032932187.2	44.627	912	440	25	386	1256	487	1374	0.0	714
Fvar002427	XM_032932187.2	33.705	359	216	10	88	429	121	474	1.37e-44	177
Fvar002427	XM_045174889.1	44.627	912	440	25	386	1256	487	1374	0.0	714
Fvar002427	XM_045174889.1	33.705	359	216	10	88	429	121	474	1.37e-44	177
Fvar002427	XM_045174890.1	44.627	912	440	25	386	1256	487	1374	0.0	714
Fvar002427	XM_045174890.1	33.705	359	216	10	88	429	121	474	1.37e-44	177
Focc006158	XM_032932187.2	52.757	1342	570	26	411	1712	57	1374	0.0	1340
Focc006158	XM_045174889.1	52.757	1342	570	26	411	1712	57	1374	0.0	1340
Focc006158	XM_045174890.1	52.757	1342	570	26	411	1712	57	1374	0.0	1340
Gfla009837	XM_032932187.2	40.557	323	180	6	152	471	119	432	7.88e-69	248
Gfla009837	XM_032932187.2	26.440	382	236	13	454	805	515	881	3.67e-23	106
Gfla009837	XM_045174889.1	40.557	323	180	6	152	471	119	432	7.88e-69	248
Gfla009837	XM_045174889.1	26.440	382	236	13	454	805	515	881	3.67e-23	106
Gfla009837	XM_045174890.1	40.557	323	180	6	152	471	119	432	7.88e-69	248
Gfla009837	XM_045174890.1	26.440	382	236	13	454	805	515	881	3.67e-23	106
Gcon011825	XM_032932187.2	44.577	1254	628	29	133	1353	73	1292	0.0	974
Gcon011825	XM_045174889.1	44.577	1254	628	29	133	1353	73	1292	0.0	974
Gcon011825	XM_045174890.1	44.577	1254	628	29	133	1353	73	1292	0.0	974
Obic013010	XM_032932187.2	53.804	1288	546	21	94	1357	112	1374	0.0	1338
Obic013010	XM_045174889.1	53.804	1288	546	21	94	1357	112	1374	0.0	1338
Obic013010	XM_045174890.1	53.804	1288	546	21	94	1357	112	1374	0.0	1338
Pbia010032	XM_032932187.2	46.120	1353	648	32	92	1404	61	1372	0.0	1122
Pbia010032	XM_045174889.1	46.120	1353	648	32	92	1404	61	1372	0.0	1122
Pbia010032	XM_045174890.1	46.120	1353	648	32	92	1404	61	1372	0.0	1122
Pbia010032	XM_032928836.2	27.660	188	105	8	946	1124	194	359	1.02e-04	47.0
Pbia010032	XM_032928837.2	27.128	188	106	7	946	1124	194	359	1.80e-04	46.2
Msac002859	XM_032932187.2	49.155	828	395	15	419	1236	565	1376	0.0	769
Msac002859	XM_032932187.2	37.956	274	151	7	74	338	141	404	1.11e-38	157
Msac002859	XM_045174889.1	49.155	828	395	15	419	1236	565	1376	0.0	769
Msac002859	XM_045174889.1	37.956	274	151	7	74	338	141	404	1.11e-38	157
Msac002859	XM_045174890.1	49.155	828	395	15	419	1236	565	1376	0.0	769
Msac002859	XM_045174890.1	37.956	274	151	7	74	338	141	404	1.11e-38	157
Mcer012360	XM_032932187.2	48.492	829	395	15	406	1221	565	1374	0.0	751
Mcer012360	XM_032932187.2	38.007	271	152	7	64	325	141	404	8.60e-44	174
Mcer012360	XM_045174889.1	48.492	829	395	15	406	1221	565	1374	0.0	751
Mcer012360	XM_045174889.1	38.007	271	152	7	64	325	141	404	8.60e-44	174
Mcer012360	XM_045174890.1	48.492	829	395	15	406	1221	565	1374	0.0	751
Mcer012360	XM_045174890.1	38.007	271	152	7	64	325	141	404	8.60e-44	174
Hele022682	XM_032932187.2	39.231	260	129	8	2	243	706	954	6.05e-41	149
Hele022682	XM_045174889.1	39.231	260	129	8	2	243	706	954	6.05e-41	149
Hele022682	XM_045174890.1	39.231	260	129	8	2	243	706	954	6.05e-41	149
Ebru023267	XM_032932187.2	33.056	1322	760	36	250	1480	87	1374	0.0	635
Ebru023267	XM_045174889.1	33.056	1322	760	36	250	1480	87	1374	0.0	635
Ebru023267	XM_045174890.1	33.056	1322	760	36	250	1480	87	1374	0.0	635
Lcla017297	XM_032932187.2	43.430	1271	574	22	13	1153	121	1376	0.0	988
Lcla017297	XM_045174889.1	43.430	1271	574	22	13	1153	121	1376	0.0	988
Lcla017297	XM_045174890.1	43.430	1271	574	22	13	1153	121	1376	0.0	988
Lcla017297	XM_032928836.2	28.796	191	105	8	691	872	192	360	6.62e-06	50.4
Lcla017297	XM_032928837.2	28.796	191	105	8	691	872	192	360	1.30e-05	49.3
Ebru002268	XM_032932187.2	39.581	955	506	22	27	950	66	980	0.0	646
Ebru002268	XM_032932187.2	66.774	310	100	2	947	1254	1076	1384	1.33e-134	446
Ebru002268	XM_045174889.1	39.581	955	506	22	27	950	66	980	0.0	646
Ebru002268	XM_045174889.1	66.774	310	100	2	947	1254	1076	1384	1.33e-134	446
Ebru002268	XM_045174890.1	39.581	955	506	22	27	950	66	980	0.0	646
Ebru002268	XM_045174890.1	66.774	310	100	2	947	1254	1076	1384	1.33e-134	446
Eadl004153	XM_032932187.2	33.006	1324	760	36	224	1454	85	1374	0.0	634
Eadl004153	XM_045174889.1	33.006	1324	760	36	224	1454	85	1374	0.0	634
Eadl004153	XM_045174890.1	33.006	1324	760	36	224	1454	85	1374	0.0	634
Mext026503	XM_032932187.2	60.684	117	45	1	9	125	928	1043	1.12e-40	143
Mext026503	XM_045174889.1	60.684	117	45	1	9	125	928	1043	1.12e-40	143
Mext026503	XM_045174890.1	60.684	117	45	1	9	125	928	1043	1.12e-40	143
Mext011925	XM_032932187.2	86.000	100	14	0	234	333	1259	1358	2.24e-56	197
Mext011925	XM_045174889.1	86.000	100	14	0	234	333	1259	1358	2.24e-56	197
Mext011925	XM_045174890.1	86.000	100	14	0	234	333	1259	1358	2.24e-56	197
Mext002888	XM_032932187.2	40.299	67	39	1	127	192	821	887	5.41e-09	55.5
Mext002888	XM_045174889.1	40.299	67	39	1	127	192	821	887	5.41e-09	55.5
Mext002888	XM_045174890.1	40.299	67	39	1	127	192	821	887	5.41e-09	55.5
Lcam026269	XM_032932187.2	47.090	1306	600	35	146	1405	114	1374	0.0	1109
Lcam026269	XM_045174889.1	47.090	1306	600	35	146	1405	114	1374	0.0	1109
Lcam026269	XM_045174890.1	47.090	1306	600	35	146	1405	114	1374	0.0	1109
abi4823.t1	XM_032932187.2	82.143	112	20	0	1	112	1269	1380	7.45e-62	203
abi4823.t1	XM_045174889.1	82.143	112	20	0	1	112	1269	1380	7.45e-62	203
abi4823.t1	XM_045174890.1	82.143	112	20	0	1	112	1269	1380	7.45e-62	203
Cvir022234	XM_032932187.2	46.800	1297	607	32	165	1421	121	1374	0.0	1092
Cvir022234	XM_045174889.1	46.800	1297	607	32	165	1421	121	1374	0.0	1092
Cvir022234	XM_045174890.1	46.800	1297	607	32	165	1421	121	1374	0.0	1092
Cdip009347	XM_032932187.2	32.976	840	473	23	394	1163	548	1367	8.31e-118	397
Cdip009347	XM_032932187.2	25.092	271	192	5	36	301	139	403	4.47e-20	97.4
Cdip009347	XM_045174889.1	32.976	840	473	23	394	1163	548	1367	8.31e-118	397
Cdip009347	XM_045174889.1	25.092	271	192	5	36	301	139	403	4.47e-20	97.4
Cdip009347	XM_045174890.1	32.976	840	473	23	394	1163	548	1367	8.31e-118	397
Cdip009347	XM_045174890.1	25.092	271	192	5	36	301	139	403	4.47e-20	97.4
Ptri028060	XM_032932187.2	49.065	1337	610	24	33	1333	73	1374	0.0	1240
Ptri028060	XM_045174889.1	49.065	1337	610	24	33	1333	73	1374	0.0	1240
Ptri028060	XM_045174890.1	49.065	1337	610	24	33	1333	73	1374	0.0	1240
Ptri028060	XM_032928836.2	28.877	187	103	8	875	1052	195	360	3.15e-06	51.6
Ptri028060	XM_032928837.2	28.877	187	103	8	875	1052	195	360	6.51e-06	50.8
Nlon005461	XM_032932187.2	47.780	1329	620	28	85	1375	82	1374	0.0	1194
Nlon005461	XM_045174889.1	47.780	1329	620	28	85	1375	82	1374	0.0	1194
Nlon005461	XM_045174890.1	47.780	1329	620	28	85	1375	82	1374	0.0	1194
Nlon005461	XM_032926499.2	25.339	221	123	8	918	1124	5	197	3.12e-05	48.1
Mtil017249	XM_032932187.2	47.623	1304	597	31	148	1409	118	1377	0.0	1129
Mtil017249	XM_045174889.1	47.623	1304	597	31	148	1409	118	1377	0.0	1129
Mtil017249	XM_045174890.1	47.623	1304	597	31	148	1409	118	1377	0.0	1129
Mtil017249	XM_032928836.2	26.866	201	104	8	940	1125	188	360	8.46e-05	47.4
Mtil017249	XM_032928837.2	26.368	201	105	7	940	1125	188	360	1.25e-04	46.6
Hheu002443	XM_032932187.2	43.483	890	427	30	1	850	249	1102	0.0	625
Hheu002443	XM_045174889.1	43.483	890	427	30	1	850	249	1102	0.0	625
Hheu002443	XM_045174890.1	43.483	890	427	30	1	850	249	1102	0.0	625
Hheu002443	XM_032928836.2	28.723	188	103	8	661	839	194	359	8.65e-05	46.2
Hheu002443	XM_032928837.2	28.723	188	103	8	661	839	194	359	1.51e-04	45.4
Mhir011033	XM_032932187.2	45.843	890	439	16	458	1320	501	1374	0.0	733
Mhir011033	XM_032932187.2	40.550	291	159	4	55	337	122	406	1.09e-55	213
Mhir011033	XM_045174889.1	45.843	890	439	16	458	1320	501	1374	0.0	733
Mhir011033	XM_045174889.1	40.550	291	159	4	55	337	122	406	1.09e-55	213
Mhir011033	XM_045174890.1	45.843	890	439	16	458	1320	501	1374	0.0	733
Mhir011033	XM_045174890.1	40.550	291	159	4	55	337	122	406	1.09e-55	213
Ldec001238	XM_032932187.2	48.655	1227	570	22	9	1182	158	1377	0.0	1117
Ldec001238	XM_045174889.1	48.655	1227	570	22	9	1182	158	1377	0.0	1117
Ldec001238	XM_045174890.1	48.655	1227	570	22	9	1182	158	1377	0.0	1117
Kgib022241	XM_032932187.2	36.043	1107	632	27	1	1064	306	1379	0.0	652
Kgib022241	XM_045174889.1	36.043	1107	632	27	1	1064	306	1379	0.0	652
Kgib022241	XM_045174890.1	36.043	1107	632	27	1	1064	306	1379	0.0	652
Wpum019538	XM_032932187.2	47.775	1371	654	22	2	1346	50	1384	0.0	1241
Wpum019538	XM_045174889.1	47.775	1371	654	22	2	1346	50	1384	0.0	1241
Wpum019538	XM_045174890.1	47.775	1371	654	22	2	1346	50	1384	0.0	1241
Wpum019538	XM_032928836.2	28.261	184	102	8	881	1055	198	360	9.12e-05	47.0
Wpum019538	XM_032928837.2	28.261	184	102	8	881	1055	198	360	1.72e-04	46.2
Nlon014812	XM_032932187.2	49.075	1351	613	26	33	1347	73	1384	0.0	1250
Nlon014812	XM_045174889.1	49.075	1351	613	26	33	1347	73	1384	0.0	1250
Nlon014812	XM_045174890.1	49.075	1351	613	26	33	1347	73	1384	0.0	1250
Nlon014812	XM_032928836.2	28.342	187	104	9	877	1054	195	360	4.89e-05	47.8
Nlon014812	XM_032928837.2	28.342	187	104	9	877	1054	195	360	8.60e-05	47.0
Mper007667	XM_032932187.2	43.548	682	358	14	406	1076	565	1230	4.06e-165	524
Mper007667	XM_032932187.2	37.269	271	154	7	64	325	141	404	6.91e-43	171
Mper007667	XM_045174889.1	43.548	682	358	14	406	1076	565	1230	4.06e-165	524
Mper007667	XM_045174889.1	37.269	271	154	7	64	325	141	404	6.91e-43	171
Mper007667	XM_045174890.1	43.548	682	358	14	406	1076	565	1230	4.06e-165	524
Mper007667	XM_045174890.1	37.269	271	154	7	64	325	141	404	6.91e-43	171
Hhal005642	XM_032932187.2	53.762	1276	544	24	229	1477	119	1375	0.0	1303
Hhal005642	XM_045174889.1	53.762	1276	544	24	229	1477	119	1375	0.0	1303
Hhal005642	XM_045174890.1	53.762	1276	544	24	229	1477	119	1375	0.0	1303
Hhal005642	XM_045169674.1	30.120	83	54	1	607	685	1299	1381	2.62e-05	49.3
Hhal005642	XM_032921393.2	30.120	83	54	1	607	685	1299	1381	2.62e-05	49.3
Hwal008157	XM_032932187.2	77.612	67	15	0	20	86	1293	1359	4.34e-32	117
Hwal008157	XM_045174889.1	77.612	67	15	0	20	86	1293	1359	4.34e-32	117
Hwal008157	XM_045174890.1	77.612	67	15	0	20	86	1293	1359	4.34e-32	117
Hhec007639	XM_032932187.2	38.686	137	74	5	15	146	747	878	5.78e-20	85.1
Hhec007639	XM_045174889.1	38.686	137	74	5	15	146	747	878	5.78e-20	85.1
Hhec007639	XM_045174890.1	38.686	137	74	5	15	146	747	878	5.78e-20	85.1
Edil001448	XM_032932187.2	53.546	1283	540	24	101	1355	120	1374	0.0	1332
Edil001448	XM_045174889.1	53.546	1283	540	24	101	1355	120	1374	0.0	1332
Edil001448	XM_045174890.1	53.546	1283	540	24	101	1355	120	1374	0.0	1332
Edil001448	XM_032928836.2	26.738	187	106	8	897	1074	196	360	1.15e-04	46.6
Edil001448	XM_032928837.2	26.738	187	106	8	897	1074	196	360	1.78e-04	46.2
Egri002532	XM_032932187.2	48.539	958	442	20	5	940	451	1379	0.0	833
Egri002532	XM_045174889.1	48.539	958	442	20	5	940	451	1379	0.0	833
Egri002532	XM_045174890.1	48.539	958	442	20	5	940	451	1379	0.0	833
Egri002532	XM_032928836.2	29.255	188	103	9	476	654	194	360	3.73e-06	50.8
Egri002532	XM_032928837.2	29.255	188	103	9	476	654	194	360	6.24e-06	50.1
Hcun018057	XM_032932187.2	47.343	1261	580	30	3	1222	157	1374	0.0	1087
Hcun018057	XM_045174889.1	47.343	1261	580	30	3	1222	157	1374	0.0	1087
Hcun018057	XM_045174890.1	47.343	1261	580	30	3	1222	157	1374	0.0	1087
Hcun018057	XM_032928836.2	27.807	187	104	8	764	941	196	360	6.61e-05	47.4
Hcun018057	XM_032928837.2	27.807	187	104	8	764	941	196	360	1.08e-04	46.6
Hcor011874	XM_032932187.2	43.566	847	433	19	484	1310	557	1378	0.0	675
Hcor011874	XM_032932187.2	30.671	313	183	11	134	423	103	404	5.41e-31	133
Hcor011874	XM_045174889.1	43.566	847	433	19	484	1310	557	1378	0.0	675
Hcor011874	XM_045174889.1	30.671	313	183	11	134	423	103	404	5.41e-31	133
Hcor011874	XM_045174890.1	43.566	847	433	19	484	1310	557	1378	0.0	675
Hcor011874	XM_045174890.1	30.671	313	183	11	134	423	103	404	5.41e-31	133
Lko_18916-RA	XM_032932187.2	30.233	344	151	15	1	271	394	721	3.05e-27	111
Lko_18916-RA	XM_045174889.1	30.233	344	151	15	1	271	394	721	3.05e-27	111
Lko_18916-RA	XM_045174890.1	30.233	344	151	15	1	271	394	721	3.05e-27	111
Hvir014423	XM_032932187.2	57.919	644	243	11	15	646	747	1374	0.0	736
Hvir014423	XM_045174889.1	57.919	644	243	11	15	646	747	1374	0.0	736
Hvir014423	XM_045174890.1	57.919	644	243	11	15	646	747	1374	0.0	736
Chis019034	XM_032932187.2	52.830	1219	528	22	295	1488	181	1377	0.0	1241
Chis019034	XM_045174889.1	52.830	1219	528	22	295	1488	181	1377	0.0	1241
Chis019034	XM_045174890.1	52.830	1219	528	22	295	1488	181	1377	0.0	1241
Chis019034	XM_045169658.1	27.852	298	200	7	7	294	39	331	2.55e-32	129
Chis019034	XM_032922176.2	27.852	298	200	7	7	294	73	365	9.49e-32	129
Bhut029155	XM_032932187.2	46.743	1305	600	31	138	1395	118	1374	0.0	1122
Bhut029155	XM_045174889.1	46.743	1305	600	31	138	1395	118	1374	0.0	1122
Bhut029155	XM_045174890.1	46.743	1305	600	31	138	1395	118	1374	0.0	1122
Bhut029155	XM_032928836.2	24.752	202	121	7	922	1114	181	360	4.57e-05	48.1
Bhut029155	XM_032928837.2	24.752	202	121	7	922	1114	181	360	8.10e-05	47.4
Bcul013851	XM_032932187.2	50.405	1236	553	24	87	1291	108	1314	0.0	1182
Bcul013851	XM_045174889.1	50.405	1236	553	24	87	1291	108	1314	0.0	1182
Bcul013851	XM_045174890.1	50.405	1236	553	24	87	1291	108	1314	0.0	1182
Bcul013851	XM_032920915.2	29.592	98	62	2	499	589	914	1011	7.38e-04	44.3
Cmac011914	XM_032932187.2	47.290	1273	602	28	41	1258	119	1377	0.0	1090
Cmac011914	XM_045174889.1	47.290	1273	602	28	41	1258	119	1377	0.0	1090
Cmac011914	XM_045174890.1	47.290	1273	602	28	41	1258	119	1377	0.0	1090
Btab010693	XM_032932187.2	52.691	1338	574	21	50	1358	75	1382	0.0	1361
Btab010693	XM_045174889.1	52.691	1338	574	21	50	1358	75	1382	0.0	1361
Btab010693	XM_045174890.1	52.691	1338	574	21	50	1358	75	1382	0.0	1361
Csup012274	XM_032932187.2	47.682	1294	594	31	155	1407	121	1372	0.0	1118
Csup012274	XM_045174889.1	47.682	1294	594	31	155	1407	121	1372	0.0	1118
Csup012274	XM_045174890.1	47.682	1294	594	31	155	1407	121	1372	0.0	1118
Dpun007820	XM_032932187.2	45.595	1294	597	26	194	1414	118	1377	0.0	1075
Dpun007820	XM_045174889.1	45.595	1294	597	26	194	1414	118	1377	0.0	1075
Dpun007820	XM_045174890.1	45.595	1294	597	26	194	1414	118	1377	0.0	1075
Dnox000222	XM_032932187.2	60.110	544	203	7	6	544	840	1374	0.0	664
Dnox000222	XM_045174889.1	60.110	544	203	7	6	544	840	1374	0.0	664
Dnox000222	XM_045174890.1	60.110	544	203	7	6	544	840	1374	0.0	664
Llun007113	XM_032932187.2	47.748	1221	577	25	13	1207	168	1353	0.0	1072
Llun007113	XM_045174889.1	47.748	1221	577	25	13	1207	168	1353	0.0	1072
Llun007113	XM_045174890.1	47.748	1221	577	25	13	1207	168	1353	0.0	1072
Llun007113	XM_032928836.2	27.273	198	108	9	768	954	194	366	7.90e-05	47.0
Llun007113	XM_032928837.2	27.273	198	108	9	768	954	194	366	1.15e-04	46.6
Asol012998	XM_032932187.2	48.854	829	392	15	407	1222	565	1374	0.0	751
Asol012998	XM_032932187.2	36.519	293	160	9	50	326	122	404	8.30e-44	174
Asol012998	XM_045174889.1	48.854	829	392	15	407	1222	565	1374	0.0	751
Asol012998	XM_045174889.1	36.519	293	160	9	50	326	122	404	8.30e-44	174
Asol012998	XM_045174890.1	48.854	829	392	15	407	1222	565	1374	0.0	751
Asol012998	XM_045174890.1	36.519	293	160	9	50	326	122	404	8.30e-44	174
Brho025561	XM_032932187.2	30.667	600	370	12	12	572	784	1376	9.22e-85	288
Brho025561	XM_045174889.1	30.667	600	370	12	12	572	784	1376	9.22e-85	288
Brho025561	XM_045174890.1	30.667	600	370	12	12	572	784	1376	9.22e-85	288
Dpas021134	XM_032932187.2	61.039	385	145	4	230	611	993	1375	1.38e-164	506
Dpas021134	XM_045174889.1	61.039	385	145	4	230	611	993	1375	1.38e-164	506
Dpas021134	XM_045174890.1	61.039	385	145	4	230	611	993	1375	1.38e-164	506
Dpas021134	XM_032922169.2	35.556	135	53	2	67	168	228	361	4.36e-17	84.0
Dpas021134	XM_032942263.2	36.905	84	53	0	145	228	980	1063	1.30e-04	45.4
Dpas021134	XM_032942263.2	35.714	84	54	0	145	228	990	1073	2.95e-04	44.3
Ccol015668	XM_032932187.2	48.375	1292	567	27	65	1294	121	1374	0.0	1154
Ccol015668	XM_045174889.1	48.375	1292	567	27	65	1294	121	1374	0.0	1154
Ccol015668	XM_045174890.1	48.375	1292	567	27	65	1294	121	1374	0.0	1154
Ccol015668	XM_032928836.2	27.807	187	106	7	835	1013	195	360	4.02e-05	48.1
Ccol015668	XM_032928837.2	27.807	187	106	7	835	1013	195	360	5.23e-05	47.8
Cfor000678	XM_032932187.2	66.370	449	139	4	92	538	930	1368	0.0	602
Cfor000678	XM_045174889.1	66.370	449	139	4	92	538	930	1368	0.0	602
Cfor000678	XM_045174890.1	66.370	449	139	4	92	538	930	1368	0.0	602
Dpas023593	XM_032932187.2	35.417	480	257	16	1	446	553	1013	2.18e-68	240
Dpas023593	XM_045174889.1	35.417	480	257	16	1	446	553	1013	2.18e-68	240
Dpas023593	XM_045174890.1	35.417	480	257	16	1	446	553	1013	2.18e-68	240
Egri007324	XM_032932187.2	51.266	632	295	6	70	692	747	1374	0.0	644
Egri007324	XM_045174889.1	51.266	632	295	6	70	692	747	1374	0.0	644
Egri007324	XM_045174890.1	51.266	632	295	6	70	692	747	1374	0.0	644
Cdip007965	XM_032932187.2	24.478	335	230	7	26	343	75	403	5.47e-23	105
Cdip007965	XM_045174889.1	24.478	335	230	7	26	343	75	403	5.47e-23	105
Cdip007965	XM_045174890.1	24.478	335	230	7	26	343	75	403	5.47e-23	105
Cdip000509	XM_032932187.2	34.731	835	446	25	435	1193	556	1367	4.32e-124	416
Cdip000509	XM_032932187.2	26.786	336	215	9	23	334	75	403	4.09e-22	103
Cdip000509	XM_045174889.1	34.731	835	446	25	435	1193	556	1367	4.32e-124	416
Cdip000509	XM_045174889.1	26.786	336	215	9	23	334	75	403	4.09e-22	103
Cdip000509	XM_045174890.1	34.731	835	446	25	435	1193	556	1367	4.32e-124	416
Cdip000509	XM_045174890.1	26.786	336	215	9	23	334	75	403	4.09e-22	103
Msex002601	XM_032932187.2	46.825	1307	606	30	151	1413	118	1379	0.0	1100
Msex002601	XM_045174889.1	46.825	1307	606	30	151	1413	118	1379	0.0	1100
Msex002601	XM_045174890.1	46.825	1307	606	30	151	1413	118	1379	0.0	1100
Msex002601	XM_032928836.2	26.866	201	104	7	942	1127	188	360	4.81e-06	51.2
Msex002601	XM_032928837.2	26.866	201	104	7	942	1127	188	360	9.06e-06	50.4
Mdor016196	XM_032932187.2	42.381	630	321	12	859	1450	747	1372	7.43e-153	501
Mdor016196	XM_032932187.2	34.010	591	352	15	276	836	75	657	2.91e-81	295
Mdor016196	XM_045174889.1	42.381	630	321	12	859	1450	747	1372	7.43e-153	501
Mdor016196	XM_045174889.1	34.010	591	352	15	276	836	75	657	2.91e-81	295
Mdor016196	XM_045174890.1	42.381	630	321	12	859	1450	747	1372	7.43e-153	501
Mdor016196	XM_045174890.1	34.010	591	352	15	276	836	75	657	2.91e-81	295
Mdor016196	XM_032926499.2	35.484	62	38	1	1391	1450	279	340	0.001	43.5
Eadl016865	XM_032932187.2	48.818	1354	631	22	27	1353	66	1384	0.0	1257
Eadl016865	XM_045174889.1	48.818	1354	631	22	27	1353	66	1384	0.0	1257
Eadl016865	XM_045174890.1	48.818	1354	631	22	27	1353	66	1384	0.0	1257
Hves014618	XM_032932187.2	47.699	1304	591	28	150	1409	118	1374	0.0	1132
Hves014618	XM_045174889.1	47.699	1304	591	28	150	1409	118	1374	0.0	1132
Hves014618	XM_045174890.1	47.699	1304	591	28	150	1409	118	1374	0.0	1132
Hfas009453	XM_032932187.2	46.385	1300	612	29	170	1427	118	1374	0.0	1100
Hfas009453	XM_045174889.1	46.385	1300	612	29	170	1427	118	1374	0.0	1100
Hfas009453	XM_045174890.1	46.385	1300	612	29	170	1427	118	1374	0.0	1100
Hcyd003569	XM_032932187.2	43.347	729	357	22	2	701	394	1095	3.10e-168	519
Hcyd003569	XM_045174889.1	43.347	729	357	22	2	701	394	1095	3.10e-168	519
Hcyd003569	XM_045174890.1	43.347	729	357	22	2	701	394	1095	3.10e-168	519
Hcyd003569	XM_032928836.2	27.979	193	98	8	519	697	194	359	8.17e-05	46.2
Hcyd003569	XM_032928837.2	27.979	193	98	8	519	697	194	359	1.23e-04	45.4
Hcor007153	XM_032932187.2	44.737	76	42	0	2	77	952	1027	1.40e-14	66.6
Hcor007153	XM_045174889.1	44.737	76	42	0	2	77	952	1027	1.40e-14	66.6
Hcor007153	XM_045174890.1	44.737	76	42	0	2	77	952	1027	1.40e-14	66.6
Gqui007087	XM_032932187.2	48.940	1273	579	30	42	1254	121	1382	0.0	1127
Gqui007087	XM_045174889.1	48.940	1273	579	30	42	1254	121	1382	0.0	1127
Gqui007087	XM_045174890.1	48.940	1273	579	30	42	1254	121	1382	0.0	1127
Elan014819	XM_032932187.2	47.862	842	409	18	352	1177	547	1374	0.0	752
Elan014819	XM_032932187.2	33.867	375	206	15	3	351	108	466	1.48e-43	173
Elan014819	XM_045174889.1	47.862	842	409	18	352	1177	547	1374	0.0	752
Elan014819	XM_045174889.1	33.867	375	206	15	3	351	108	466	1.48e-43	173
Elan014819	XM_045174890.1	47.862	842	409	18	352	1177	547	1374	0.0	752
Elan014819	XM_045174890.1	33.867	375	206	15	3	351	108	466	1.48e-43	173
Elan014819	XM_032928836.2	26.842	190	108	7	712	892	192	359	2.49e-05	48.5
Elan014819	XM_032928837.2	26.842	190	108	7	712	892	192	359	4.30e-05	47.8
Elan025919	XM_032932187.2	48.908	824	397	15	412	1225	565	1374	0.0	766
Elan025919	XM_032932187.2	33.333	354	210	9	65	402	141	484	6.58e-46	181
Elan025919	XM_045174889.1	48.908	824	397	15	412	1225	565	1374	0.0	766
Elan025919	XM_045174889.1	33.333	354	210	9	65	402	141	484	6.58e-46	181
Elan025919	XM_045174890.1	48.908	824	397	15	412	1225	565	1374	0.0	766
Elan025919	XM_045174890.1	33.333	354	210	9	65	402	141	484	6.58e-46	181
Lko_18917-RA	XM_032932187.2	49.402	585	174	9	15	488	793	1366	3.90e-175	529
Lko_18917-RA	XM_045174889.1	49.402	585	174	9	15	488	793	1366	3.90e-175	529
Lko_18917-RA	XM_045174890.1	49.402	585	174	9	15	488	793	1366	3.90e-175	529
Dpor002463	XM_032932187.2	47.131	1307	594	29	177	1436	118	1374	0.0	1128
Dpor002463	XM_045174889.1	47.131	1307	594	29	177	1436	118	1374	0.0	1128
Dpor002463	XM_045174890.1	47.131	1307	594	29	177	1436	118	1374	0.0	1128
Caus011020	XM_032932187.2	50.825	1334	552	27	164	1466	119	1379	0.0	1290
Caus011020	XM_045174889.1	50.825	1334	552	27	164	1466	119	1379	0.0	1290
Caus011020	XM_045174890.1	50.825	1334	552	27	164	1466	119	1379	0.0	1290
Cced019213	XM_032932187.2	42.081	644	357	10	268	902	744	1380	1.07e-173	541
Cced019213	XM_045174889.1	42.081	644	357	10	268	902	744	1380	1.07e-173	541
Cced019213	XM_045174890.1	42.081	644	357	10	268	902	744	1380	1.07e-173	541
Cins006970	XM_032932187.2	38.235	1360	700	32	10	1298	84	1374	0.0	895
Cins006970	XM_045174889.1	38.235	1360	700	32	10	1298	84	1374	0.0	895
Cins006970	XM_045174890.1	38.235	1360	700	32	10	1298	84	1374	0.0	895
Cins006970	XM_032928836.2	25.652	230	131	10	824	1039	179	382	1.33e-04	46.6
Cins006970	XM_032928837.2	25.652	230	131	10	824	1039	179	382	2.45e-04	45.4
Agla007775	XM_032932187.2	49.101	1279	577	27	41	1259	119	1383	0.0	1161
Agla007775	XM_045174889.1	49.101	1279	577	27	41	1259	119	1383	0.0	1161
Agla007775	XM_045174890.1	49.101	1279	577	27	41	1259	119	1383	0.0	1161
Aros006847	XM_032932187.2	51.524	1378	604	26	106	1450	45	1391	0.0	1351
Aros006847	XM_045174889.1	51.524	1378	604	26	106	1450	45	1391	0.0	1351
Aros006847	XM_045174890.1	51.524	1378	604	26	106	1450	45	1391	0.0	1351
Area048809	XM_032932187.2	32.692	520	301	16	70	569	444	934	2.26e-59	219
Area048809	XM_045174889.1	32.692	520	301	16	70	569	444	934	2.26e-59	219
Area048809	XM_045174890.1	32.692	520	301	16	70	569	444	934	2.26e-59	219
Onit022860	XM_032932187.2	32.591	1347	773	37	94	1349	72	1374	0.0	679
Onit022860	XM_045174889.1	32.591	1347	773	37	94	1349	72	1374	0.0	679
Onit022860	XM_045174890.1	32.591	1347	773	37	94	1349	72	1374	0.0	679
Ngir005660	XM_032932187.2	49.149	1351	612	26	33	1347	73	1384	0.0	1253
Ngir005660	XM_045174889.1	49.149	1351	612	26	33	1347	73	1384	0.0	1253
Ngir005660	XM_045174890.1	49.149	1351	612	26	33	1347	73	1384	0.0	1253
Ngir005660	XM_032928836.2	28.342	187	104	9	877	1054	195	360	4.72e-05	48.1
Ngir005660	XM_032928837.2	28.342	187	104	9	877	1054	195	360	8.45e-05	47.0
Obrm009455	XM_032932187.2	42.036	1218	615	33	89	1260	121	1293	0.0	875
Obrm009455	XM_032932187.2	81.818	33	6	0	1348	1380	1261	1293	1.76e-11	69.3
Obrm009455	XM_032932187.2	72.727	33	9	0	1308	1340	1261	1293	3.29e-08	58.9
Obrm009455	XM_045174889.1	42.036	1218	615	33	89	1260	121	1293	0.0	875
Obrm009455	XM_045174889.1	81.818	33	6	0	1348	1380	1261	1293	1.76e-11	69.3
Obrm009455	XM_045174889.1	72.727	33	9	0	1308	1340	1261	1293	3.29e-08	58.9
Obrm009455	XM_045174890.1	42.036	1218	615	33	89	1260	121	1293	0.0	875
Obrm009455	XM_045174890.1	81.818	33	6	0	1348	1380	1261	1293	1.76e-11	69.3
Obrm009455	XM_045174890.1	72.727	33	9	0	1308	1340	1261	1293	3.29e-08	58.9
Nc-a018633	XM_032932187.2	47.352	1303	595	33	164	1421	118	1374	0.0	1121
Nc-a018633	XM_045174889.1	47.352	1303	595	33	164	1421	118	1374	0.0	1121
Nc-a018633	XM_045174890.1	47.352	1303	595	33	164	1421	118	1374	0.0	1121
Nvit002957	XM_032932187.2	49.075	1351	613	26	33	1347	73	1384	0.0	1251
Nvit002957	XM_045174889.1	49.075	1351	613	26	33	1347	73	1384	0.0	1251
Nvit002957	XM_045174890.1	49.075	1351	613	26	33	1347	73	1384	0.0	1251
Nvit002957	XM_032928836.2	28.342	187	104	9	877	1054	195	360	4.93e-05	47.8
Nvit002957	XM_032928837.2	28.342	187	104	9	877	1054	195	360	8.90e-05	47.0
Phum001431	XM_032932187.2	48.622	1306	587	27	69	1329	109	1375	0.0	1164
Phum001431	XM_045174889.1	48.622	1306	587	27	69	1329	109	1375	0.0	1164
Phum001431	XM_045174890.1	48.622	1306	587	27	69	1329	109	1375	0.0	1164
Tpre004412	XM_032932187.2	48.399	1343	628	31	28	1338	75	1384	0.0	1189
Tpre004412	XM_045174889.1	48.399	1343	628	31	28	1338	75	1384	0.0	1189
Tpre004412	XM_045174890.1	48.399	1343	628	31	28	1338	75	1384	0.0	1189
Tpre004412	XM_032928836.2	26.449	276	153	12	787	1047	120	360	1.64e-07	55.8
Tpre004412	XM_032928837.2	26.449	276	153	12	787	1047	120	360	4.23e-07	54.3
Tpal002933	XM_032932187.2	53.196	1314	555	23	421	1698	85	1374	0.0	1341
Tpal002933	XM_045174889.1	53.196	1314	555	23	421	1698	85	1374	0.0	1341
Tpal002933	XM_045174890.1	53.196	1314	555	23	421	1698	85	1374	0.0	1341
Tsar003290	XM_032932187.2	47.042	1369	644	29	49	1374	44	1374	0.0	1189
Tsar003290	XM_045174889.1	47.042	1369	644	29	49	1374	44	1374	0.0	1189
Tsar003290	XM_045174890.1	47.042	1369	644	29	49	1374	44	1374	0.0	1189
Tsar003290	XM_032926499.2	25.339	221	123	8	917	1123	5	197	6.73e-05	47.0
Tger030019	XM_032932187.2	64.968	314	103	3	1	308	1068	1380	1.37e-138	425
Tger030019	XM_045174889.1	64.968	314	103	3	1	308	1068	1380	1.37e-138	425
Tger030019	XM_045174890.1	64.968	314	103	3	1	308	1068	1380	1.37e-138	425
Aluc005474	XM_032932187.2	48.640	1324	589	34	270	1551	107	1381	0.0	1155
Aluc005474	XM_045174889.1	48.640	1324	589	34	270	1551	107	1381	0.0	1155
Aluc005474	XM_045174890.1	48.640	1324	589	34	270	1551	107	1381	0.0	1155
Brho041761	XM_032932187.2	32.806	506	293	12	265	727	853	1354	1.47e-74	263
Brho041761	XM_045174889.1	32.806	506	293	12	265	727	853	1354	1.47e-74	263
Brho041761	XM_045174890.1	32.806	506	293	12	265	727	853	1354	1.47e-74	263
Brho041761	XM_032926499.2	24.044	183	121	7	306	485	1	168	1.22e-06	51.6
Brho001586	XM_032932187.2	50.549	91	42	2	1	90	934	1022	3.77e-24	94.7
Brho001586	XM_045174889.1	50.549	91	42	2	1	90	934	1022	3.77e-24	94.7
Brho001586	XM_045174890.1	50.549	91	42	2	1	90	934	1022	3.77e-24	94.7
Dcol007651	XM_032932187.2	47.059	187	93	4	1	184	415	598	1.51e-47	166
Dcol007651	XM_045174889.1	47.059	187	93	4	1	184	415	598	1.51e-47	166
Dcol007651	XM_045174890.1	47.059	187	93	4	1	184	415	598	1.51e-47	166
Dcol007651	XM_032920915.2	27.957	93	62	2	105	194	1110	1200	2.40e-05	44.7
Dsem012473	XM_032932187.2	45.342	161	82	4	1	158	441	598	1.89e-34	128
Dsem012473	XM_045174889.1	45.342	161	82	4	1	158	441	598	1.89e-34	128
Dsem012473	XM_045174890.1	45.342	161	82	4	1	158	441	598	1.89e-34	128
Dsem012473	XM_032920915.2	27.957	93	62	2	79	168	1110	1200	2.65e-04	41.2
Dvir018297	XM_032932187.2	58.431	255	97	2	1	246	1132	1386	2.38e-98	313
Dvir018297	XM_045174889.1	58.431	255	97	2	1	246	1132	1386	2.38e-98	313
Dvir018297	XM_045174890.1	58.431	255	97	2	1	246	1132	1386	2.38e-98	313
Agly006167	XM_032932187.2	46.022	930	458	20	330	1231	463	1376	0.0	769
Agly006167	XM_032932187.2	33.708	356	199	11	7	339	68	409	7.75e-41	165
Agly006167	XM_045174889.1	46.022	930	458	20	330	1231	463	1376	0.0	769
Agly006167	XM_045174889.1	33.708	356	199	11	7	339	68	409	7.75e-41	165
Agly006167	XM_045174890.1	46.022	930	458	20	330	1231	463	1376	0.0	769
Agly006167	XM_045174890.1	33.708	356	199	11	7	339	68	409	7.75e-41	165
Csep003733	XM_032932187.2	57.277	639	257	8	60	686	743	1377	0.0	735
Csep003733	XM_045174889.1	57.277	639	257	8	60	686	743	1377	0.0	735
Csep003733	XM_045174890.1	57.277	639	257	8	60	686	743	1377	0.0	735
Bvan002062	XM_032932187.2	52.454	1304	564	25	77	1350	97	1374	0.0	1301
Bvan002062	XM_045174889.1	52.454	1304	564	25	77	1350	97	1374	0.0	1301
Bvan002062	XM_045174890.1	52.454	1304	564	25	77	1350	97	1374	0.0	1301
Bbet010357	XM_032932187.2	42.097	1297	677	30	50	1306	114	1376	0.0	939
Bbet010357	XM_045174889.1	42.097	1297	677	30	50	1306	114	1376	0.0	939
Bbet010357	XM_045174890.1	42.097	1297	677	30	50	1306	114	1376	0.0	939
Bbet010357	XM_032928836.2	26.596	188	108	7	846	1024	194	360	1.78e-04	46.2
Bbet010357	XM_032928837.2	25.616	203	117	8	835	1024	179	360	2.59e-04	45.4
Aflr004260	XM_032932187.2	73.077	286	74	2	10	293	1090	1374	1.60e-145	443
Aflr004260	XM_045174889.1	73.077	286	74	2	10	293	1090	1374	1.60e-145	443
Aflr004260	XM_045174890.1	73.077	286	74	2	10	293	1090	1374	1.60e-145	443
Apis004286	XM_032932187.2	66.740	454	147	4	137	589	924	1374	0.0	646
Apis004286	XM_045174889.1	66.740	454	147	4	137	589	924	1374	0.0	646
Apis004286	XM_045174890.1	66.740	454	147	4	137	589	924	1374	0.0	646
Apis004286	XM_045170788.1	48.598	107	51	1	33	135	45	151	1.99e-25	102
Apis004286	XM_045170788.1	65.714	35	12	0	3	37	117	151	3.57e-07	50.4
Apis004286	XM_032934339.1	47.664	107	52	1	33	135	45	151	1.37e-24	100
Apis004286	XM_032934339.1	62.857	35	13	0	3	37	117	151	2.23e-06	48.1
Dpun007406	XM_032932187.2	46.918	1298	610	27	194	1450	118	1377	0.0	1115
Dpun007406	XM_045174889.1	46.918	1298	610	27	194	1450	118	1377	0.0	1115
Dpun007406	XM_045174890.1	46.918	1298	610	27	194	1450	118	1377	0.0	1115
Dchr007260	XM_032932187.2	47.229	1245	588	27	171	1384	168	1374	0.0	1072
Dchr007260	XM_045174889.1	47.229	1245	588	27	171	1384	168	1374	0.0	1072
Dchr007260	XM_045174890.1	47.229	1245	588	27	171	1384	168	1374	0.0	1072
Edan016696	XM_032932187.2	45.327	642	283	16	480	1061	744	1377	9.94e-168	530
Edan016696	XM_032932187.2	32.787	244	141	4	86	308	162	403	9.34e-26	115
Edan016696	XM_032932187.2	32.824	131	78	6	344	465	528	657	1.54e-05	49.7
Edan016696	XM_045174889.1	45.327	642	283	16	480	1061	744	1377	9.94e-168	530
Edan016696	XM_045174889.1	32.787	244	141	4	86	308	162	403	9.34e-26	115
Edan016696	XM_045174889.1	32.824	131	78	6	344	465	528	657	1.54e-05	49.7
Edan016696	XM_045174890.1	45.327	642	283	16	480	1061	744	1377	9.94e-168	530
Edan016696	XM_045174890.1	32.787	244	141	4	86	308	162	403	9.34e-26	115
Edan016696	XM_045174890.1	32.824	131	78	6	344	465	528	657	1.54e-05	49.7
Hism000968	XM_032932187.2	41.860	86	42	4	7	87	747	829	9.03e-13	62.0
Hism000968	XM_045174889.1	41.860	86	42	4	7	87	747	829	9.03e-13	62.0
Hism000968	XM_045174890.1	41.860	86	42	4	7	87	747	829	9.03e-13	62.0
Gcon032759	XM_032932187.2	50.000	132	62	2	11	142	915	1042	3.01e-37	137
Gcon032759	XM_032932187.2	44.048	84	45	1	140	221	1127	1210	2.32e-12	65.9
Gcon032759	XM_045174889.1	50.000	132	62	2	11	142	915	1042	3.01e-37	137
Gcon032759	XM_045174889.1	44.048	84	45	1	140	221	1127	1210	2.32e-12	65.9
Gcon032759	XM_045174890.1	50.000	132	62	2	11	142	915	1042	3.01e-37	137
Gcon032759	XM_045174890.1	44.048	84	45	1	140	221	1127	1210	2.32e-12	65.9
Eann022245	XM_032932187.2	49.123	1311	607	23	62	1345	107	1384	0.0	1238
Eann022245	XM_045174889.1	49.123	1311	607	23	62	1345	107	1384	0.0	1238
Eann022245	XM_045174890.1	49.123	1311	607	23	62	1345	107	1384	0.0	1238
Eann022245	XM_032928836.2	29.348	184	100	8	880	1054	198	360	3.71e-06	51.6
Eann022245	XM_032928837.2	29.348	184	100	8	880	1054	198	360	7.60e-06	50.4
Ever010980	XM_032932187.2	49.503	1309	596	22	62	1342	110	1381	0.0	1241
Ever010980	XM_045174889.1	49.503	1309	596	22	62	1342	110	1381	0.0	1241
Ever010980	XM_045174890.1	49.503	1309	596	22	62	1342	110	1381	0.0	1241
Edef007289	XM_032932187.2	46.130	1305	631	26	169	1435	109	1379	0.0	1104
Edef007289	XM_045174889.1	46.130	1305	631	26	169	1435	109	1379	0.0	1104
Edef007289	XM_045174890.1	46.130	1305	631	26	169	1435	109	1379	0.0	1104
Bany006472	XM_032932187.2	44.925	1409	676	34	71	1431	18	1374	0.0	1110
Bany006472	XM_045174889.1	44.925	1409	676	34	71	1431	18	1374	0.0	1110
Bany006472	XM_045174890.1	44.925	1409	676	34	71	1431	18	1374	0.0	1110
Vvul010883	XM_032932187.2	51.782	1319	576	25	167	1450	85	1378	0.0	1321
Vvul010883	XM_045174889.1	51.782	1319	576	25	167	1450	85	1378	0.0	1321
Vvul010883	XM_045174890.1	51.782	1319	576	25	167	1450	85	1378	0.0	1321
Vvul010883	XM_032928836.2	26.738	187	106	8	989	1166	196	360	7.42e-05	47.4
Vvul010883	XM_032928837.2	27.273	187	105	8	989	1166	196	360	1.21e-04	46.6
Vtam000783	XM_032932187.2	47.239	1304	604	31	127	1389	118	1378	0.0	1123
Vtam000783	XM_045174889.1	47.239	1304	604	31	127	1389	118	1378	0.0	1123
Vtam000783	XM_045174890.1	47.239	1304	604	31	127	1389	118	1378	0.0	1123
Pmar004397	XM_032932187.2	46.307	853	416	15	528	1356	546	1380	0.0	741
Pmar004397	XM_032932187.2	37.719	342	186	7	44	372	104	431	1.02e-54	210
Pmar004397	XM_045174889.1	46.307	853	416	15	528	1356	546	1380	0.0	741
Pmar004397	XM_045174889.1	37.719	342	186	7	44	372	104	431	1.02e-54	210
Pmar004397	XM_045174890.1	46.307	853	416	15	528	1356	546	1380	0.0	741
Pmar004397	XM_045174890.1	37.719	342	186	7	44	372	104	431	1.02e-54	210
Rpro008769	XM_032932187.2	38.095	903	508	20	203	1085	107	978	0.0	583
Rpro008769	XM_045174889.1	38.095	903	508	20	203	1085	107	978	0.0	583
Rpro008769	XM_045174890.1	38.095	903	508	20	203	1085	107	978	0.0	583
Ppup014576	XM_032932187.2	48.927	1351	615	26	33	1347	73	1384	0.0	1247
Ppup014576	XM_045174889.1	48.927	1351	615	26	33	1347	73	1384	0.0	1247
Ppup014576	XM_045174890.1	48.927	1351	615	26	33	1347	73	1384	0.0	1247
Ppup014576	XM_032928836.2	28.877	187	103	9	877	1054	195	360	1.83e-05	49.3
Ppup014576	XM_032928837.2	28.877	187	103	9	877	1054	195	360	2.89e-05	48.5
Rmai008391	XM_032932187.2	46.939	882	433	21	368	1233	514	1376	0.0	764
Rmai008391	XM_032932187.2	37.591	274	152	7	72	336	141	404	5.36e-39	159
Rmai008391	XM_045174889.1	46.939	882	433	21	368	1233	514	1376	0.0	764
Rmai008391	XM_045174889.1	37.591	274	152	7	72	336	141	404	5.36e-39	159
Rmai008391	XM_045174890.1	46.939	882	433	21	368	1233	514	1376	0.0	764
Rmai008391	XM_045174890.1	37.591	274	152	7	72	336	141	404	5.36e-39	159
Phad010854	XM_032932187.2	56.631	279	114	4	14	292	819	1090	2.35e-91	295
Phad010854	XM_045174889.1	56.631	279	114	4	14	292	819	1090	2.35e-91	295
Phad010854	XM_045174890.1	56.631	279	114	4	14	292	819	1090	2.35e-91	295
Phad010854	XM_032928836.2	28.571	189	104	9	115	294	194	360	8.47e-06	47.4
Phad010854	XM_032928837.2	28.571	189	104	9	115	294	194	360	1.29e-05	46.6
Mqua006305	XM_032932187.2	40.152	919	402	24	317	1110	491	1386	0.0	594
Mqua006305	XM_032932187.2	42.017	238	130	4	4	235	121	356	9.92e-49	189
Mqua006305	XM_045174889.1	40.152	919	402	24	317	1110	491	1386	0.0	594
Mqua006305	XM_045174889.1	42.017	238	130	4	4	235	121	356	9.92e-49	189
Mqua006305	XM_045174890.1	40.152	919	402	24	317	1110	491	1386	0.0	594
Mqua006305	XM_045174890.1	42.017	238	130	4	4	235	121	356	9.92e-49	189
Mext010360	XM_032932187.2	38.583	127	77	1	1	126	761	887	9.56e-26	101
Mext010360	XM_045174889.1	38.583	127	77	1	1	126	761	887	9.56e-26	101
Mext010360	XM_045174890.1	38.583	127	77	1	1	126	761	887	9.56e-26	101
Opom007129	XM_032932187.2	33.633	1335	752	37	106	1349	83	1374	0.0	699
Opom007129	XM_045174889.1	33.633	1335	752	37	106	1349	83	1374	0.0	699
Opom007129	XM_045174890.1	33.633	1335	752	37	106	1349	83	1374	0.0	699
Hcor002381	XM_032932187.2	48.510	839	387	18	387	1207	558	1369	0.0	744
Hcor002381	XM_032932187.2	35.517	290	165	9	50	326	117	397	2.12e-41	167
Hcor002381	XM_045174889.1	48.510	839	387	18	387	1207	558	1369	0.0	744
Hcor002381	XM_045174889.1	35.517	290	165	9	50	326	117	397	2.12e-41	167
Hcor002381	XM_045174890.1	48.510	839	387	18	387	1207	558	1369	0.0	744
Hcor002381	XM_045174890.1	35.517	290	165	9	50	326	117	397	2.12e-41	167
maker-scaffold_78-snap-gene-21.17-mRNA-1	XM_032932187.2	59.278	582	197	9	59	615	747	1313	0.0	662
maker-scaffold_78-snap-gene-21.17-mRNA-1	XM_045174889.1	59.278	582	197	9	59	615	747	1313	0.0	662
maker-scaffold_78-snap-gene-21.17-mRNA-1	XM_045174890.1	59.278	582	197	9	59	615	747	1313	0.0	662
Ityp024770	XM_032932187.2	42.475	299	161	6	42	335	946	1238	3.75e-71	240
Ityp024770	XM_045174889.1	42.475	299	161	6	42	335	946	1238	3.75e-71	240
Ityp024770	XM_045174890.1	42.475	299	161	6	42	335	946	1238	3.75e-71	240
Sflv009514	XM_032932187.2	48.402	845	397	18	377	1208	565	1383	0.0	756
Sflv009514	XM_032932187.2	35.897	273	159	7	27	292	141	404	4.12e-36	149
Sflv009514	XM_045174889.1	48.402	845	397	18	377	1208	565	1383	0.0	756
Sflv009514	XM_045174889.1	35.897	273	159	7	27	292	141	404	4.12e-36	149
Sflv009514	XM_045174890.1	48.402	845	397	18	377	1208	565	1383	0.0	756
Sflv009514	XM_045174890.1	35.897	273	159	7	27	292	141	404	4.12e-36	149
Schi021808	XM_032932187.2	32.209	326	189	14	22	329	93	404	2.14e-32	132
Schi021808	XM_045174889.1	32.209	326	189	14	22	329	93	404	2.14e-32	132
Schi021808	XM_045174890.1	32.209	326	189	14	22	329	93	404	2.14e-32	132
Sinc003091	XM_032932187.2	47.601	1292	603	29	122	1374	118	1374	0.0	1117
Sinc003091	XM_045174889.1	47.601	1292	603	29	122	1374	118	1374	0.0	1117
Sinc003091	XM_045174890.1	47.601	1292	603	29	122	1374	118	1374	0.0	1117
Olig009212	XM_032932187.2	52.748	1310	548	22	94	1379	112	1374	0.0	1322
Olig009212	XM_045174889.1	52.748	1310	548	22	94	1379	112	1374	0.0	1322
Olig009212	XM_045174890.1	52.748	1310	548	22	94	1379	112	1374	0.0	1322
Pnir046641	XM_032932187.2	50.106	940	423	18	2	917	467	1384	0.0	892
Pnir046641	XM_045174889.1	50.106	940	423	18	2	917	467	1384	0.0	892
Pnir046641	XM_045174890.1	50.106	940	423	18	2	917	467	1384	0.0	892
Pnir046641	XM_032926499.2	21.586	227	138	8	451	664	5	204	5.12e-04	43.5
Pnir006634	XM_032932187.2	54.962	131	57	1	10	140	1246	1374	1.71e-44	155
Pnir006634	XM_045174889.1	54.962	131	57	1	10	140	1246	1374	1.71e-44	155
Pnir006634	XM_045174890.1	54.962	131	57	1	10	140	1246	1374	1.71e-44	155
Pnir006634	XM_032926499.2	33.333	57	36	1	75	129	275	331	6.25e-04	38.9
Pnir056376	XM_032932187.2	28.037	321	184	13	1	293	298	599	1.08e-23	102
Pnir056376	XM_045174889.1	28.037	321	184	13	1	293	298	599	1.08e-23	102
Pnir056376	XM_045174890.1	28.037	321	184	13	1	293	298	599	1.08e-23	102
Cfor005081	XM_032932187.2	51.203	1164	506	23	293	1429	107	1235	0.0	1096
Cfor005081	XM_045174889.1	51.203	1164	506	23	293	1429	107	1235	0.0	1096
Cfor005081	XM_045174890.1	51.203	1164	506	23	293	1429	107	1235	0.0	1096
Dcol028057	XM_032932187.2	78.125	128	27	1	11	138	1188	1314	4.31e-68	222
Dcol028057	XM_045174889.1	78.125	128	27	1	11	138	1188	1314	4.31e-68	222
Dcol028057	XM_045174890.1	78.125	128	27	1	11	138	1188	1314	4.31e-68	222
Dnox005790	XM_032932187.2	48.197	832	397	16	420	1237	565	1376	0.0	755
Dnox005790	XM_032932187.2	38.686	274	149	7	75	339	141	404	4.29e-41	166
Dnox005790	XM_045174889.1	48.197	832	397	16	420	1237	565	1376	0.0	755
Dnox005790	XM_045174889.1	38.686	274	149	7	75	339	141	404	4.29e-41	166
Dnox005790	XM_045174890.1	48.197	832	397	16	420	1237	565	1376	0.0	755
Dnox005790	XM_045174890.1	38.686	274	149	7	75	339	141	404	4.29e-41	166
Dnox005803	XM_032932187.2	36.765	272	154	7	64	325	141	404	4.91e-44	171
Dnox005803	XM_032932187.2	26.821	302	197	9	406	696	565	853	1.61e-17	87.8
Dnox005803	XM_045174889.1	36.765	272	154	7	64	325	141	404	4.91e-44	171
Dnox005803	XM_045174889.1	26.821	302	197	9	406	696	565	853	1.61e-17	87.8
Dnox005803	XM_045174890.1	36.765	272	154	7	64	325	141	404	4.91e-44	171
Dnox005803	XM_045174890.1	26.821	302	197	9	406	696	565	853	1.61e-17	87.8
Ccro010943	XM_032932187.2	45.135	1223	590	32	98	1280	114	1295	0.0	967
Ccro010943	XM_045174889.1	45.135	1223	590	32	98	1280	114	1295	0.0	967
Ccro010943	XM_045174890.1	45.135	1223	590	32	98	1280	114	1295	0.0	967
Bsor007240	XM_032932187.2	33.557	149	73	5	18	153	639	774	6.49e-15	71.2
Bsor007240	XM_045174889.1	33.557	149	73	5	18	153	639	774	6.49e-15	71.2
Bsor007240	XM_045174890.1	33.557	149	73	5	18	153	639	774	6.49e-15	71.2
Cced014328	XM_032932187.2	46.260	869	427	20	372	1221	529	1376	0.0	744
Cced014328	XM_032932187.2	32.934	334	192	11	32	344	87	409	1.60e-39	160
Cced014328	XM_045174889.1	46.260	869	427	20	372	1221	529	1376	0.0	744
Cced014328	XM_045174889.1	32.934	334	192	11	32	344	87	409	1.60e-39	160
Cced014328	XM_045174890.1	46.260	869	427	20	372	1221	529	1376	0.0	744
Cced014328	XM_045174890.1	32.934	334	192	11	32	344	87	409	1.60e-39	160
Cmon014718	XM_032932187.2	45.781	640	283	12	38	641	632	1243	1.46e-164	508
Cmon014718	XM_045174889.1	45.781	640	283	12	38	641	632	1243	1.46e-164	508
Cmon014718	XM_045174890.1	45.781	640	283	12	38	641	632	1243	1.46e-164	508
Csec005015	XM_032932187.2	53.923	1300	549	24	224	1501	113	1384	0.0	1340
Csec005015	XM_045174889.1	53.923	1300	549	24	224	1501	113	1384	0.0	1340
Csec005015	XM_045174890.1	53.923	1300	549	24	224	1501	113	1384	0.0	1340
Znev002349	XM_032932187.2	52.836	1058	435	21	173	1196	357	1384	0.0	1017
Znev002349	XM_032932187.2	45.312	128	63	1	38	165	108	228	1.61e-27	121
Znev002349	XM_045174889.1	52.836	1058	435	21	173	1196	357	1384	0.0	1017
Znev002349	XM_045174889.1	45.312	128	63	1	38	165	108	228	1.61e-27	121
Znev002349	XM_045174890.1	52.836	1058	435	21	173	1196	357	1384	0.0	1017
Znev002349	XM_045174890.1	45.312	128	63	1	38	165	108	228	1.61e-27	121
Ayam006992	XM_032932187.2	47.274	1284	585	33	20	1258	118	1354	0.0	1087
Ayam006992	XM_045174889.1	47.274	1284	585	33	20	1258	118	1354	0.0	1087
Ayam006992	XM_045174890.1	47.274	1284	585	33	20	1258	118	1354	0.0	1087
Badu001962	XM_032932187.2	46.260	1310	621	29	257	1530	118	1380	0.0	1105
Badu001962	XM_045174889.1	46.260	1310	621	29	257	1530	118	1380	0.0	1105
Badu001962	XM_045174890.1	46.260	1310	621	29	257	1530	118	1380	0.0	1105
Badu001962	XM_032928836.2	29.101	189	103	8	1064	1243	194	360	3.71e-05	48.5
Badu001962	XM_032928837.2	29.101	189	103	8	1064	1243	194	360	6.63e-05	47.8
Bbet024992	XM_032932187.2	45.824	1305	635	26	168	1434	109	1379	0.0	1084
Bbet024992	XM_045174889.1	45.824	1305	635	26	168	1434	109	1379	0.0	1084
Bbet024992	XM_045174890.1	45.824	1305	635	26	168	1434	109	1379	0.0	1084
Tman017168	XM_032932187.2	38.211	246	136	4	68	303	122	361	8.24e-47	169
Tman017168	XM_045174889.1	38.211	246	136	4	68	303	122	361	8.24e-47	169
Tman017168	XM_045174890.1	38.211	246	136	4	68	303	122	361	8.24e-47	169
Teva014360	XM_032932187.2	30.655	1282	772	31	600	1783	108	1370	0.0	611
Teva014360	XM_045174889.1	30.655	1282	772	31	600	1783	108	1370	0.0	611
Teva014360	XM_045174890.1	30.655	1282	772	31	600	1783	108	1370	0.0	611
Tni007982	XM_032932187.2	45.938	1354	638	33	113	1423	69	1371	0.0	1118
Tni007982	XM_045174889.1	45.938	1354	638	33	113	1423	69	1371	0.0	1118
Tni007982	XM_045174890.1	45.938	1354	638	33	113	1423	69	1371	0.0	1118
Tsar011145	XM_032932187.2	49.033	1344	612	25	33	1340	73	1379	0.0	1248
Tsar011145	XM_045174889.1	49.033	1344	612	25	33	1340	73	1379	0.0	1248
Tsar011145	XM_045174890.1	49.033	1344	612	25	33	1340	73	1379	0.0	1248
Tsar011145	XM_032928836.2	28.342	187	104	9	877	1054	195	360	4.68e-05	48.1
Tsar011145	XM_032928837.2	28.342	187	104	9	877	1054	195	360	8.97e-05	47.0
Vcar001196	XM_032932187.2	47.843	1298	596	32	158	1415	118	1374	0.0	1125
Vcar001196	XM_045174889.1	47.843	1298	596	32	158	1415	118	1374	0.0	1125
Vcar001196	XM_045174890.1	47.843	1298	596	32	158	1415	118	1374	0.0	1125
Sory005948	XM_032932187.2	37.500	920	485	26	57	920	489	1374	2.03e-179	556
Sory005948	XM_045174889.1	37.500	920	485	26	57	920	489	1374	2.03e-179	556
Sory005948	XM_045174890.1	37.500	920	485	26	57	920	489	1374	2.03e-179	556
Sory005948	XM_032926499.2	22.826	184	119	7	460	638	3	168	5.39e-04	43.5
Stie004047	XM_032932187.2	31.561	1185	643	29	194	1230	191	1355	0.0	574
Stie004047	XM_045174889.1	31.561	1185	643	29	194	1230	191	1355	0.0	574
Stie004047	XM_045174890.1	31.561	1185	643	29	194	1230	191	1355	0.0	574
Tmol003475	XM_032932187.2	72.472	178	48	1	1	177	1197	1374	9.28e-88	280
Tmol003475	XM_045174889.1	72.472	178	48	1	1	177	1197	1374	9.28e-88	280
Tmol003475	XM_045174890.1	72.472	178	48	1	1	177	1197	1374	9.28e-88	280
Apic010824	XM_032932187.2	30.147	136	85	5	18	151	572	699	4.81e-06	45.8
Apic010824	XM_045174889.1	30.147	136	85	5	18	151	572	699	4.81e-06	45.8
Apic010824	XM_045174890.1	30.147	136	85	5	18	151	572	699	4.81e-06	45.8
Amia012683	XM_032932187.2	35.294	68	40	2	46	112	634	698	5.46e-05	41.6
Amia012683	XM_045174889.1	35.294	68	40	2	46	112	634	698	5.46e-05	41.6
Amia012683	XM_045174890.1	35.294	68	40	2	46	112	634	698	5.46e-05	41.6
Atex020469	XM_032932187.2	67.315	257	80	3	1	255	1128	1382	2.75e-114	359
Atex020469	XM_045174889.1	67.315	257	80	3	1	255	1128	1382	2.75e-114	359
Atex020469	XM_045174890.1	67.315	257	80	3	1	255	1128	1382	2.75e-114	359
Asel032695	XM_032932187.2	69.492	59	17	1	1	59	1235	1292	7.03e-26	97.8
Asel032695	XM_045174889.1	69.492	59	17	1	1	59	1235	1292	7.03e-26	97.8
Asel032695	XM_045174890.1	69.492	59	17	1	1	59	1235	1292	7.03e-26	97.8
Brho006213	XM_032932187.2	34.328	469	276	9	363	808	911	1370	1.04e-75	269
Brho006213	XM_045174889.1	34.328	469	276	9	363	808	911	1370	1.04e-75	269
Brho006213	XM_045174890.1	34.328	469	276	9	363	808	911	1370	1.04e-75	269
Caus008946	XM_032932187.2	47.372	1332	638	26	27	1328	82	1380	0.0	1168
Caus008946	XM_045174889.1	47.372	1332	638	26	27	1328	82	1380	0.0	1168
Caus008946	XM_045174890.1	47.372	1332	638	26	27	1328	82	1380	0.0	1168
Caus008946	XM_032920915.2	27.184	103	68	2	466	561	909	1011	3.33e-05	48.9
Caus008946	XM_045169674.1	24.684	158	98	7	449	592	1304	1454	8.07e-04	44.7
Bbif006411	XM_032932187.2	52.591	1293	558	24	87	1350	108	1374	0.0	1305
Bbif006411	XM_045174889.1	52.591	1293	558	24	87	1350	108	1374	0.0	1305
Bbif006411	XM_045174890.1	52.591	1293	558	24	87	1350	108	1374	0.0	1305
Bsel017483	XM_032932187.2	47.280	1305	604	33	150	1410	110	1374	0.0	1106
Bsel017483	XM_045174889.1	47.280	1305	604	33	150	1410	110	1374	0.0	1106
Bsel017483	XM_045174890.1	47.280	1305	604	33	150	1410	110	1374	0.0	1106
Bsel017483	XM_032928836.2	27.979	193	98	8	950	1128	194	359	1.81e-04	46.2
Bsel017483	XM_032928837.2	27.979	193	98	8	950	1128	194	359	2.58e-04	45.4
Cres009348	XM_032932187.2	68.571	175	53	2	1	174	1208	1381	1.24e-79	257
Cres009348	XM_045174889.1	68.571	175	53	2	1	174	1208	1381	1.24e-79	257
Cres009348	XM_045174890.1	68.571	175	53	2	1	174	1208	1381	1.24e-79	257
Asul023532	XM_032932187.2	43.946	892	456	18	246	1117	112	979	0.0	693
Asul023532	XM_045174889.1	43.946	892	456	18	246	1117	112	979	0.0	693
Asul023532	XM_045174890.1	43.946	892	456	18	246	1117	112	979	0.0	693
Asul002519	XM_032932187.2	71.839	348	84	3	8	342	986	1332	6.33e-178	530
Asul002519	XM_045174889.1	71.839	348	84	3	8	342	986	1332	6.33e-178	530
Asul002519	XM_045174890.1	71.839	348	84	3	8	342	986	1332	6.33e-178	530
Aque013690	XM_032932187.2	44.625	1293	567	25	9	1179	109	1374	0.0	1069
Aque013690	XM_045174889.1	44.625	1293	567	25	9	1179	109	1374	0.0	1069
Aque013690	XM_045174890.1	44.625	1293	567	25	9	1179	109	1374	0.0	1069
Hism026554	XM_032932187.2	54.000	250	111	3	1	250	823	1068	2.54e-78	257
Hism026554	XM_045174889.1	54.000	250	111	3	1	250	823	1068	2.54e-78	257
Hism026554	XM_045174890.1	54.000	250	111	3	1	250	823	1068	2.54e-78	257
Hism026554	XM_032928836.2	33.333	102	55	3	95	195	194	283	6.54e-04	40.8
Hism026554	XM_032928837.2	33.333	102	55	3	95	195	194	283	0.001	40.4
Hcom001840	XM_032932187.2	47.368	1311	608	30	160	1431	112	1379	0.0	1127
Hcom001840	XM_045174889.1	47.368	1311	608	30	160	1431	112	1379	0.0	1127
Hcom001840	XM_045174890.1	47.368	1311	608	30	160	1431	112	1379	0.0	1127
Hism009475	XM_032932187.2	54.400	250	110	3	1	250	823	1068	3.21e-79	259
Hism009475	XM_045174889.1	54.400	250	110	3	1	250	823	1068	3.21e-79	259
Hism009475	XM_045174890.1	54.400	250	110	3	1	250	823	1068	3.21e-79	259
Hism009475	XM_032928836.2	34.314	102	54	3	95	195	194	283	3.43e-05	44.7
Hism009475	XM_032928837.2	34.314	102	54	3	95	195	194	283	4.75e-05	44.3
Htim031916	XM_032932187.2	36.170	470	245	18	2	446	536	975	4.42e-64	224
Htim031916	XM_045174889.1	36.170	470	245	18	2	446	536	975	4.42e-64	224
Htim031916	XM_045174890.1	36.170	470	245	18	2	446	536	975	4.42e-64	224
Pmem000365	XM_032932187.2	47.397	1306	606	32	138	1404	109	1372	0.0	1128
Pmem000365	XM_045174889.1	47.397	1306	606	32	138	1404	109	1372	0.0	1128
Pmem000365	XM_045174890.1	47.397	1306	606	32	138	1404	109	1372	0.0	1128
Pmem000365	XM_032928836.2	28.042	189	105	8	946	1125	194	360	3.03e-05	48.5
Pmem000365	XM_032928837.2	27.513	189	106	7	946	1125	194	360	5.13e-05	47.8
Oros030821	XM_032932187.2	78.571	42	9	0	18	59	1291	1332	4.81e-19	78.6
Oros030821	XM_045174889.1	78.571	42	9	0	18	59	1291	1332	4.81e-19	78.6
Oros030821	XM_045174890.1	78.571	42	9	0	18	59	1291	1332	4.81e-19	78.6
Ppol011092	XM_032932187.2	47.014	1306	611	32	136	1402	109	1372	0.0	1122
Ppol011092	XM_045174889.1	47.014	1306	611	32	136	1402	109	1372	0.0	1122
Ppol011092	XM_045174890.1	47.014	1306	611	32	136	1402	109	1372	0.0	1122
Ppol011092	XM_032928836.2	28.042	189	105	8	944	1123	194	360	2.70e-05	48.9
Ppol011092	XM_032928837.2	28.042	189	105	8	944	1123	194	360	5.88e-05	47.8
Oabi002228	XM_032932187.2	52.688	1302	558	22	191	1462	117	1390	0.0	1329
Oabi002228	XM_045174889.1	52.688	1302	558	22	191	1462	117	1390	0.0	1329
Oabi002228	XM_045174890.1	52.688	1302	558	22	191	1462	117	1390	0.0	1329
Oabi002228	XM_032928836.2	27.570	214	112	10	993	1197	198	377	4.73e-05	48.1
Oabi002228	XM_032928837.2	27.570	214	112	10	993	1197	198	377	7.69e-05	47.4
Olae003105	XM_032932187.2	52.021	1311	576	27	254	1534	101	1388	0.0	1278
Olae003105	XM_045174889.1	52.021	1311	576	27	254	1534	101	1388	0.0	1278
Olae003105	XM_045174890.1	52.021	1311	576	27	254	1534	101	1388	0.0	1278
Ofas000344	XM_032932187.2	44.770	239	44	4	1	152	1149	1386	3.56e-56	189
Ofas000344	XM_045174889.1	44.770	239	44	4	1	152	1149	1386	3.56e-56	189
Ofas000344	XM_045174890.1	44.770	239	44	4	1	152	1149	1386	3.56e-56	189
Ppec015725	XM_032932187.2	50.667	1275	552	28	41	1256	121	1377	0.0	1188
Ppec015725	XM_045174889.1	50.667	1275	552	28	41	1256	121	1377	0.0	1188
Ppec015725	XM_045174890.1	50.667	1275	552	28	41	1256	121	1377	0.0	1188
Ppec015725	XM_045173951.1	44.828	58	23	3	315	371	447	496	2.08e-04	46.2
Ppec015725	XM_045173946.1	44.828	58	23	3	315	371	447	496	2.08e-04	46.2
Pser014201	XM_032932187.2	31.540	818	487	23	141	891	563	1374	4.35e-111	372
Pser014201	XM_045174889.1	31.540	818	487	23	141	891	563	1374	4.35e-111	372
Pser014201	XM_045174890.1	31.540	818	487	23	141	891	563	1374	4.35e-111	372
Phad033679	XM_032932187.2	41.538	65	37	1	7	71	171	234	3.15e-12	59.7
Phad033679	XM_045174889.1	41.538	65	37	1	7	71	171	234	3.15e-12	59.7
Phad033679	XM_045174890.1	41.538	65	37	1	7	71	171	234	3.15e-12	59.7
Phad007156	XM_032932187.2	70.149	67	19	1	1	67	1230	1295	1.84e-28	106
Phad007156	XM_045174889.1	70.149	67	19	1	1	67	1230	1295	1.84e-28	106
Phad007156	XM_045174890.1	70.149	67	19	1	1	67	1230	1295	1.84e-28	106
Ityp006946	XM_032932187.2	41.961	255	140	4	69	318	120	371	2.19e-58	204
Ityp006946	XM_045174889.1	41.961	255	140	4	69	318	120	371	2.19e-58	204
Ityp006946	XM_045174890.1	41.961	255	140	4	69	318	120	371	2.19e-58	204
Lmig015950	XM_032932187.2	73.898	295	74	2	285	577	1091	1384	6.85e-149	463
Lmig015950	XM_032932187.2	30.227	397	234	11	1	378	645	1017	9.50e-38	150
Lmig015950	XM_045174889.1	73.898	295	74	2	285	577	1091	1384	6.85e-149	463
Lmig015950	XM_045174889.1	30.227	397	234	11	1	378	645	1017	9.50e-38	150
Lmig015950	XM_045174890.1	73.898	295	74	2	285	577	1091	1384	6.85e-149	463
Lmig015950	XM_045174890.1	30.227	397	234	11	1	378	645	1017	9.50e-38	150
Lmig014712	XM_032932187.2	54.434	1308	542	23	164	1445	105	1384	0.0	1352
Lmig014712	XM_045174889.1	54.434	1308	542	23	164	1445	105	1384	0.0	1352
Lmig014712	XM_045174890.1	54.434	1308	542	23	164	1445	105	1384	0.0	1352
hom19928.t1	XM_032932187.2	35.755	523	280	20	1	480	441	950	1.45e-71	247
hom19928.t1	XM_045174889.1	35.755	523	280	20	1	480	441	950	1.45e-71	247
hom19928.t1	XM_045174890.1	35.755	523	280	20	1	480	441	950	1.45e-71	247
abi23604.t1	XM_032932187.2	82.143	112	20	0	1	112	1269	1380	8.21e-62	203
abi23604.t1	XM_045174889.1	82.143	112	20	0	1	112	1269	1380	8.21e-62	203
abi23604.t1	XM_045174890.1	82.143	112	20	0	1	112	1269	1380	8.21e-62	203
Mext010361	XM_032932187.2	78.095	105	23	0	16	120	986	1090	1.31e-56	189
Mext010361	XM_045174889.1	78.095	105	23	0	16	120	986	1090	1.31e-56	189
Mext010361	XM_045174890.1	78.095	105	23	0	16	120	986	1090	1.31e-56	189
Mext010201	XM_032932187.2	48.864	88	45	0	6	93	221	308	4.61e-24	95.9
Mext010201	XM_045174889.1	48.864	88	45	0	6	93	221	308	4.61e-24	95.9
Mext010201	XM_045174890.1	48.864	88	45	0	6	93	221	308	4.61e-24	95.9
Mrot003697	XM_032932187.2	53.077	1300	553	25	81	1353	111	1380	0.0	1324
Mrot003697	XM_045174889.1	53.077	1300	553	25	81	1353	111	1380	0.0	1324
Mrot003697	XM_045174890.1	53.077	1300	553	25	81	1353	111	1380	0.0	1324
Mrot003697	XM_045169674.1	29.592	98	63	3	483	575	1317	1413	4.58e-04	45.1
Mrot003697	XM_032921393.2	29.592	98	63	3	483	575	1317	1413	4.58e-04	45.1
Mcer010316	XM_032932187.2	47.790	837	392	16	396	1212	565	1376	0.0	755
Mcer010316	XM_032932187.2	37.000	300	165	9	30	315	115	404	8.35e-41	164
Mcer010316	XM_045174889.1	47.790	837	392	16	396	1212	565	1376	0.0	755
Mcer010316	XM_045174889.1	37.000	300	165	9	30	315	115	404	8.35e-41	164
Mcer010316	XM_045174890.1	47.790	837	392	16	396	1212	565	1376	0.0	755
Mcer010316	XM_045174890.1	37.000	300	165	9	30	315	115	404	8.35e-41	164
Lko_10292-RA	XM_032932187.2	49.689	1288	510	31	493	1675	119	1373	0.0	1171
Lko_10292-RA	XM_045174889.1	49.689	1288	510	31	493	1675	119	1373	0.0	1171
Lko_10292-RA	XM_045174890.1	49.689	1288	510	31	493	1675	119	1373	0.0	1171
Sfug018402	XM_032932187.2	58.020	293	107	5	1	291	849	1127	2.10e-108	342
Sfug018402	XM_045174889.1	58.020	293	107	5	1	291	849	1127	2.10e-108	342
Sfug018402	XM_045174890.1	58.020	293	107	5	1	291	849	1127	2.10e-108	342
Ofas004840	XM_032932187.2	41.768	1154	506	26	298	1315	112	1235	0.0	815
Ofas004840	XM_045174889.1	41.768	1154	506	26	298	1315	112	1235	0.0	815
Ofas004840	XM_045174890.1	41.768	1154	506	26	298	1315	112	1235	0.0	815
Aasp007785	XM_032932187.2	46.390	1302	618	29	181	1442	118	1379	0.0	1102
Aasp007785	XM_045174889.1	46.390	1302	618	29	181	1442	118	1379	0.0	1102
Aasp007785	XM_045174890.1	46.390	1302	618	29	181	1442	118	1379	0.0	1102
Brho017968	XM_032932187.2	32.759	116	56	5	20	121	1172	1279	9.89e-10	55.1
Brho017968	XM_045174889.1	32.759	116	56	5	20	121	1172	1279	9.89e-10	55.1
Brho017968	XM_045174890.1	32.759	116	56	5	20	121	1172	1279	9.89e-10	55.1
Brho015343	XM_032932187.2	34.238	479	280	11	1	459	904	1367	2.57e-79	268
Brho015343	XM_045174889.1	34.238	479	280	11	1	459	904	1367	2.57e-79	268
Brho015343	XM_045174890.1	34.238	479	280	11	1	459	904	1367	2.57e-79	268
Brho015343	XM_032926499.2	22.995	187	124	8	19	201	1	171	4.86e-07	52.0
Hfuc025405	XM_032932187.2	47.009	1304	599	29	150	1408	118	1374	0.0	1108
Hfuc025405	XM_045174889.1	47.009	1304	599	29	150	1408	118	1374	0.0	1108
Hfuc025405	XM_045174890.1	47.009	1304	599	29	150	1408	118	1374	0.0	1108
Htim040740	XM_032932187.2	46.479	71	35	1	30	100	293	360	7.49e-15	68.6
Htim040740	XM_045174889.1	46.479	71	35	1	30	100	293	360	7.49e-15	68.6
Htim040740	XM_045174890.1	46.479	71	35	1	30	100	293	360	7.49e-15	68.6
Hvit030833	XM_032932187.2	51.500	200	90	3	44	243	213	405	1.16e-62	212
Hvit030833	XM_045174889.1	51.500	200	90	3	44	243	213	405	1.16e-62	212
Hvit030833	XM_045174890.1	51.500	200	90	3	44	243	213	405	1.16e-62	212
Alun016771	XM_032932187.2	68.367	98	30	1	1	98	1197	1293	4.85e-41	143
Alun016771	XM_045174889.1	68.367	98	30	1	1	98	1197	1293	4.85e-41	143
Alun016771	XM_045174890.1	68.367	98	30	1	1	98	1197	1293	4.85e-41	143
Cfel003298	XM_032932187.2	38.107	824	438	19	413	1176	564	1375	3.53e-162	519
Cfel003298	XM_032932187.2	31.466	232	144	6	118	340	174	399	7.35e-25	112
Cfel003298	XM_045174889.1	38.107	824	438	19	413	1176	564	1375	3.53e-162	519
Cfel003298	XM_045174889.1	31.466	232	144	6	118	340	174	399	7.35e-25	112
Cfel003298	XM_045174890.1	38.107	824	438	19	413	1176	564	1375	3.53e-162	519
Cfel003298	XM_045174890.1	31.466	232	144	6	118	340	174	399	7.35e-25	112
Bman005312	XM_032932187.2	47.608	1296	602	30	145	1402	118	1374	0.0	1125
Bman005312	XM_045174889.1	47.608	1296	602	30	145	1402	118	1374	0.0	1125
Bman005312	XM_045174890.1	47.608	1296	602	30	145	1402	118	1374	0.0	1125
Ccol004002	XM_032932187.2	41.063	828	409	21	392	1152	564	1379	0.0	593
Ccol004002	XM_032932187.2	36.859	312	180	6	19	314	92	402	1.07e-47	186
Ccol004002	XM_045174889.1	41.063	828	409	21	392	1152	564	1379	0.0	593
Ccol004002	XM_045174889.1	36.859	312	180	6	19	314	92	402	1.07e-47	186
Ccol004002	XM_045174890.1	41.063	828	409	21	392	1152	564	1379	0.0	593
Ccol004002	XM_045174890.1	36.859	312	180	6	19	314	92	402	1.07e-47	186
Ccol004002	XM_032928836.2	24.479	192	113	7	697	879	198	366	1.84e-04	45.8
Ccol004002	XM_032928837.2	24.479	192	113	7	697	879	198	366	2.99e-04	45.1
Celi021269	XM_032932187.2	45.378	1298	632	28	171	1431	120	1377	0.0	1075
Celi021269	XM_045174889.1	45.378	1298	632	28	171	1431	120	1377	0.0	1075
Celi021269	XM_045174890.1	45.378	1298	632	28	171	1431	120	1377	0.0	1075
Cohr015470	XM_032932187.2	72.414	145	39	1	2	146	1235	1378	4.47e-72	234
Cohr015470	XM_045174889.1	72.414	145	39	1	2	146	1235	1378	4.47e-72	234
Cohr015470	XM_045174890.1	72.414	145	39	1	2	146	1235	1378	4.47e-72	234
Atay021127	XM_032932187.2	47.332	431	167	7	163	591	837	1209	1.23e-113	375
Atay021127	XM_045174889.1	47.332	431	167	7	163	591	837	1209	1.23e-113	375
Atay021127	XM_045174890.1	47.332	431	167	7	163	591	837	1209	1.23e-113	375
Atay021127	XM_032936944.2	58.108	74	31	0	85	158	522	595	3.35e-19	92.8
Atay021127	XM_032936943.2	58.108	74	31	0	85	158	640	713	4.69e-19	92.4
Pxut009964	XM_032932187.2	48.031	1295	595	30	148	1404	118	1372	0.0	1130
Pxut009964	XM_045174889.1	48.031	1295	595	30	148	1404	118	1372	0.0	1130
Pxut009964	XM_045174890.1	48.031	1295	595	30	148	1404	118	1372	0.0	1130
Pxut009964	XM_032928836.2	27.513	189	106	8	946	1125	194	360	6.77e-05	47.4
Pxut009964	XM_032928837.2	27.513	189	106	8	946	1125	194	360	1.17e-04	46.6
Obrm009000	XM_032932187.2	44.264	1351	648	31	434	1729	74	1374	0.0	1055
Obrm009000	XM_045174889.1	44.264	1351	648	31	434	1729	74	1374	0.0	1055
Obrm009000	XM_045174890.1	44.264	1351	648	31	434	1729	74	1374	0.0	1055
Obrm009000	XM_032927233.2	25.978	358	208	11	1	317	1971	2312	3.28e-20	99.0
Obrm009000	XM_032927232.2	25.978	358	208	11	1	317	1971	2312	3.28e-20	99.0
Oins021604	XM_032932187.2	52.698	1186	517	25	504	1665	221	1386	0.0	1166
Oins021604	XM_032932187.2	42.017	119	67	1	263	379	111	229	6.46e-20	97.4
Oins021604	XM_045174889.1	52.698	1186	517	25	504	1665	221	1386	0.0	1166
Oins021604	XM_045174889.1	42.017	119	67	1	263	379	111	229	6.46e-20	97.4
Oins021604	XM_045174890.1	52.698	1186	517	25	504	1665	221	1386	0.0	1166
Oins021604	XM_045174890.1	42.017	119	67	1	263	379	111	229	6.46e-20	97.4
Nful005965	XM_032932187.2	51.835	1281	565	22	131	1383	121	1377	0.0	1286
Nful005965	XM_045174889.1	51.835	1281	565	22	131	1383	121	1377	0.0	1286
Nful005965	XM_045174890.1	51.835	1281	565	22	131	1383	121	1377	0.0	1286
Ppal013638	XM_032932187.2	51.270	827	353	18	2	805	575	1374	0.0	798
Ppal013638	XM_045174889.1	51.270	827	353	18	2	805	575	1374	0.0	798
Ppal013638	XM_045174890.1	51.270	827	353	18	2	805	575	1374	0.0	798
Plon015861	XM_032932187.2	61.644	146	55	1	2	147	1237	1381	9.94e-62	204
Plon015861	XM_045174889.1	61.644	146	55	1	2	147	1237	1381	9.94e-62	204
Plon015861	XM_045174890.1	61.644	146	55	1	2	147	1237	1381	9.94e-62	204
Oins001413	XM_032932187.2	41.259	286	112	5	1	230	1068	1353	6.64e-58	199
Oins001413	XM_045174889.1	41.259	286	112	5	1	230	1068	1353	6.64e-58	199
Oins001413	XM_045174890.1	41.259	286	112	5	1	230	1068	1353	6.64e-58	199
Pnig006148	XM_032932187.2	49.519	832	386	17	421	1238	565	1376	0.0	773
Pnig006148	XM_032932187.2	37.209	301	163	9	55	340	115	404	1.47e-41	167
Pnig006148	XM_045174889.1	49.519	832	386	17	421	1238	565	1376	0.0	773
Pnig006148	XM_045174889.1	37.209	301	163	9	55	340	115	404	1.47e-41	167
Pnig006148	XM_045174890.1	49.519	832	386	17	421	1238	565	1376	0.0	773
Pnig006148	XM_045174890.1	37.209	301	163	9	55	340	115	404	1.47e-41	167
Phum001182	XM_032932187.2	40.146	822	417	21	393	1150	564	1374	0.0	584
Phum001182	XM_032932187.2	35.235	298	176	5	34	318	109	402	2.91e-47	185
Phum001182	XM_045174889.1	40.146	822	417	21	393	1150	564	1374	0.0	584
Phum001182	XM_045174889.1	35.235	298	176	5	34	318	109	402	2.91e-47	185
Phum001182	XM_045174890.1	40.146	822	417	21	393	1150	564	1374	0.0	584
Phum001182	XM_045174890.1	35.235	298	176	5	34	318	109	402	2.91e-47	185
Hhel003387	XM_032932187.2	36.691	139	82	4	2	139	420	553	5.62e-20	85.1
Hhel003387	XM_045174889.1	36.691	139	82	4	2	139	420	553	5.62e-20	85.1
Hhel003387	XM_045174890.1	36.691	139	82	4	2	139	420	553	5.62e-20	85.1
Hhie005789	XM_032932187.2	40.541	74	40	2	7	77	161	233	2.27e-11	57.8
Hhie005789	XM_045174889.1	40.541	74	40	2	7	77	161	233	2.27e-11	57.8
Hhie005789	XM_045174890.1	40.541	74	40	2	7	77	161	233	2.27e-11	57.8
Htim027281	XM_032932187.2	46.721	122	64	1	13	134	855	975	4.61e-27	105
Htim027281	XM_045174889.1	46.721	122	64	1	13	134	855	975	4.61e-27	105
Htim027281	XM_045174890.1	46.721	122	64	1	13	134	855	975	4.61e-27	105
Pcha013183	XM_032932187.2	36.968	587	315	18	193	732	448	1026	1.18e-100	342
Pcha013183	XM_032932187.2	73.684	133	35	0	733	865	1243	1375	3.57e-63	232
Pcha013183	XM_032932187.2	46.269	67	33	2	103	166	113	179	6.96e-09	60.1
Pcha013183	XM_045174889.1	36.968	587	315	18	193	732	448	1026	1.18e-100	342
Pcha013183	XM_045174889.1	73.684	133	35	0	733	865	1243	1375	3.57e-63	232
Pcha013183	XM_045174889.1	46.269	67	33	2	103	166	113	179	6.96e-09	60.1
Pcha013183	XM_045174890.1	36.968	587	315	18	193	732	448	1026	1.18e-100	342
Pcha013183	XM_045174890.1	73.684	133	35	0	733	865	1243	1375	3.57e-63	232
Pcha013183	XM_045174890.1	46.269	67	33	2	103	166	113	179	6.96e-09	60.1
Sjap004401	XM_032932187.2	44.833	1287	563	27	25	1193	117	1374	0.0	1055
Sjap004401	XM_045174889.1	44.833	1287	563	27	25	1193	117	1374	0.0	1055
Sjap004401	XM_045174890.1	44.833	1287	563	27	25	1193	117	1374	0.0	1055
Sito006886	XM_032932187.2	44.868	1286	565	29	25	1194	117	1374	0.0	1048
Sito006886	XM_045174889.1	44.868	1286	565	29	25	1194	117	1374	0.0	1048
Sito006886	XM_045174890.1	44.868	1286	565	29	25	1194	117	1374	0.0	1048
Sgif004163	XM_032932187.2	45.284	1283	561	28	8	1174	117	1374	0.0	1055
Sgif004163	XM_045174889.1	45.284	1283	561	28	8	1174	117	1374	0.0	1055
Sgif004163	XM_045174890.1	45.284	1283	561	28	8	1174	117	1374	0.0	1055
Rped009882	XM_032932187.2	52.628	1294	561	19	259	1522	115	1386	0.0	1306
Rped009882	XM_045174889.1	52.628	1294	561	19	259	1522	115	1386	0.0	1306
Rped009882	XM_045174890.1	52.628	1294	561	19	259	1522	115	1386	0.0	1306
Sfug005348	XM_032932187.2	34.444	180	104	8	38	207	500	675	2.25e-18	83.6
Sfug005348	XM_045174889.1	34.444	180	104	8	38	207	500	675	2.25e-18	83.6
Sfug005348	XM_045174890.1	34.444	180	104	8	38	207	500	675	2.25e-18	83.6
Rpad009892	XM_032932187.2	48.977	831	392	19	416	1233	565	1376	0.0	764
Rpad009892	XM_032932187.2	37.591	274	152	7	72	336	141	404	5.73e-39	159
Rpad009892	XM_045174889.1	48.977	831	392	19	416	1233	565	1376	0.0	764
Rpad009892	XM_045174889.1	37.591	274	152	7	72	336	141	404	5.73e-39	159
Rpad009892	XM_045174890.1	48.977	831	392	19	416	1233	565	1376	0.0	764
Rpad009892	XM_045174890.1	37.591	274	152	7	72	336	141	404	5.73e-39	159
Rpro009006	XM_032932187.2	71.144	201	52	2	2	196	1178	1378	7.37e-94	299
Rpro009006	XM_045174889.1	71.144	201	52	2	2	196	1178	1378	7.37e-94	299
Rpro009006	XM_045174890.1	71.144	201	52	2	2	196	1178	1378	7.37e-94	299
Tdav008976	XM_032932187.2	52.270	991	424	19	1	968	415	1379	0.0	987
Tdav008976	XM_045174889.1	52.270	991	424	19	1	968	415	1379	0.0	987
Tdav008976	XM_045174890.1	52.270	991	424	19	1	968	415	1379	0.0	987
Thoc020773	XM_032932187.2	51.917	965	415	19	1	942	441	1379	0.0	945
Thoc020773	XM_045174889.1	51.917	965	415	19	1	942	441	1379	0.0	945
Thoc020773	XM_045174890.1	51.917	965	415	19	1	942	441	1379	0.0	945
Area018629	XM_032932187.2	44.574	258	88	3	242	444	1096	1353	3.73e-62	218
Area018629	XM_032932187.2	21.661	277	158	8	11	229	382	657	2.79e-07	53.5
Area018629	XM_045174889.1	44.574	258	88	3	242	444	1096	1353	3.73e-62	218
Area018629	XM_045174889.1	21.661	277	158	8	11	229	382	657	2.79e-07	53.5
Area018629	XM_045174890.1	44.574	258	88	3	242	444	1096	1353	3.73e-62	218
Area018629	XM_045174890.1	21.661	277	158	8	11	229	382	657	2.79e-07	53.5
Arud021377	XM_032932187.2	32.000	125	75	5	18	140	572	688	1.48e-05	43.9
Arud021377	XM_045174889.1	32.000	125	75	5	18	140	572	688	1.48e-05	43.9
Arud021377	XM_045174890.1	32.000	125	75	5	18	140	572	688	1.48e-05	43.9
Apic010143	XM_032932187.2	78.788	66	14	0	1	66	1311	1376	2.20e-31	116
Apic010143	XM_045174889.1	78.788	66	14	0	1	66	1311	1376	2.20e-31	116
Apic010143	XM_045174890.1	78.788	66	14	0	1	66	1311	1376	2.20e-31	116
Apic010142	XM_032932187.2	32.773	119	26	3	62	127	1139	1256	5.76e-09	53.5
Apic010142	XM_045174889.1	32.773	119	26	3	62	127	1139	1256	5.76e-09	53.5
Apic010142	XM_045174890.1	32.773	119	26	3	62	127	1139	1256	5.76e-09	53.5
Aful013521	XM_032932187.2	30.147	136	85	5	18	151	572	699	4.81e-06	45.8
Aful013521	XM_045174889.1	30.147	136	85	5	18	151	572	699	4.81e-06	45.8
Aful013521	XM_045174890.1	30.147	136	85	5	18	151	572	699	4.81e-06	45.8
Area062524	XM_032932187.2	44.391	829	409	18	2	808	431	1229	0.0	640
Area062524	XM_045174889.1	44.391	829	409	18	2	808	431	1229	0.0	640
Area062524	XM_045174890.1	44.391	829	409	18	2	808	431	1229	0.0	640
Amia005771	XM_032932187.2	35.470	234	130	7	88	309	704	928	4.56e-29	117
Amia005771	XM_045174889.1	35.470	234	130	7	88	309	704	928	4.56e-29	117
Amia005771	XM_045174890.1	35.470	234	130	7	88	309	704	928	4.56e-29	117
Pdar007411	XM_032932187.2	47.458	1298	599	32	144	1401	118	1372	0.0	1117
Pdar007411	XM_045174889.1	47.458	1298	599	32	144	1401	118	1372	0.0	1117
Pdar007411	XM_045174890.1	47.458	1298	599	32	144	1401	118	1372	0.0	1117
Ptri010756	XM_032932187.2	35.135	1332	737	32	841	2084	82	1374	0.0	779
Ptri010756	XM_045174889.1	35.135	1332	737	32	841	2084	82	1374	0.0	779
Ptri010756	XM_045174890.1	35.135	1332	737	32	841	2084	82	1374	0.0	779
Pmac003887	XM_032932187.2	46.718	1295	572	32	146	1362	118	1372	0.0	1068
Pmac003887	XM_045174889.1	46.718	1295	572	32	146	1362	118	1372	0.0	1068
Pmac003887	XM_045174890.1	46.718	1295	572	32	146	1362	118	1372	0.0	1068
Pmac003887	XM_032928836.2	26.984	189	107	7	904	1083	194	360	6.37e-05	47.8
Pmac003887	XM_032928837.2	26.984	189	107	7	904	1083	194	360	1.12e-04	46.6
Dsac009375	XM_032932187.2	45.719	1168	557	27	5	1136	168	1294	0.0	953
Dsac009375	XM_045174889.1	45.719	1168	557	27	5	1136	168	1294	0.0	953
Dsac009375	XM_045174890.1	45.719	1168	557	27	5	1136	168	1294	0.0	953
Bany004319	XM_032932187.2	42.643	1332	676	31	88	1387	110	1385	0.0	985
Bany004319	XM_045174889.1	42.643	1332	676	31	88	1387	110	1385	0.0	985
Bany004319	XM_045174890.1	42.643	1332	676	31	88	1387	110	1385	0.0	985
Bany004319	XM_032928836.2	29.018	224	113	12	915	1129	194	380	7.61e-05	47.4
Bany004319	XM_032928837.2	29.018	224	113	12	915	1129	194	380	1.28e-04	46.6
Cced019216	XM_032932187.2	44.102	551	298	7	233	780	837	1380	7.43e-160	500
Cced019216	XM_045174889.1	44.102	551	298	7	233	780	837	1380	7.43e-160	500
Cced019216	XM_045174890.1	44.102	551	298	7	233	780	837	1380	7.43e-160	500
Vpen003185	XM_032932187.2	50.695	1367	604	28	124	1450	42	1378	0.0	1326
Vpen003185	XM_045174889.1	50.695	1367	604	28	124	1450	42	1378	0.0	1326
Vpen003185	XM_045174890.1	50.695	1367	604	28	124	1450	42	1378	0.0	1326
Vpen003185	XM_032928836.2	26.738	187	106	8	989	1166	196	360	6.69e-05	47.8
Vpen003185	XM_032928837.2	27.273	187	105	8	989	1166	196	360	1.16e-04	46.6
Agla003741	XM_032932187.2	39.168	1274	657	30	7	1180	117	1372	0.0	843
Agla003741	XM_045174889.1	39.168	1274	657	30	7	1180	117	1372	0.0	843
Agla003741	XM_045174890.1	39.168	1274	657	30	7	1180	117	1372	0.0	843
Teva012218	XM_032932187.2	49.306	1296	600	27	69	1339	121	1384	0.0	1195
Teva012218	XM_045174889.1	49.306	1296	600	27	69	1339	121	1384	0.0	1195
Teva012218	XM_045174890.1	49.306	1296	600	27	69	1339	121	1384	0.0	1195
Teva012218	XM_032928836.2	28.358	201	112	8	859	1048	181	360	1.34e-05	49.7
Teva012218	XM_032928837.2	28.342	187	104	7	871	1048	195	360	2.80e-05	48.5
Bmor002079	XM_032932187.2	45.933	1217	577	31	130	1306	118	1293	0.0	986
Bmor002079	XM_045174889.1	45.933	1217	577	31	130	1306	118	1293	0.0	986
Bmor002079	XM_045174890.1	45.933	1217	577	31	130	1306	118	1293	0.0	986
Bvos008483	XM_032932187.2	52.746	1293	556	24	87	1350	108	1374	0.0	1315
Bvos008483	XM_045174889.1	52.746	1293	556	24	87	1350	108	1374	0.0	1315
Bvos008483	XM_045174890.1	52.746	1293	556	24	87	1350	108	1374	0.0	1315
Egri007281	XM_032932187.2	28.620	297	160	10	5	289	337	593	1.68e-24	104
Egri007281	XM_045174889.1	28.620	297	160	10	5	289	337	593	1.68e-24	104
Egri007281	XM_045174890.1	28.620	297	160	10	5	289	337	593	1.68e-24	104
Dcit007400	XM_032932187.2	37.440	828	438	23	4	766	565	1377	1.72e-161	504
Dcit007400	XM_045174889.1	37.440	828	438	23	4	766	565	1377	1.72e-161	504
Dcit007400	XM_045174890.1	37.440	828	438	23	4	766	565	1377	1.72e-161	504
Dcit007400	XM_032926499.2	23.936	188	118	6	315	497	3	170	6.32e-05	46.2
Dcit002562	XM_032932187.2	49.621	1318	601	27	13	1291	87	1380	0.0	1202
Dcit002562	XM_045174889.1	49.621	1318	601	27	13	1291	87	1380	0.0	1202
Dcit002562	XM_045174890.1	49.621	1318	601	27	13	1291	87	1380	0.0	1202
Dcol036110	XM_032932187.2	43.114	167	84	1	5	171	824	979	9.31e-34	125
Dcol036110	XM_045174889.1	43.114	167	84	1	5	171	824	979	9.31e-34	125
Dcol036110	XM_045174890.1	43.114	167	84	1	5	171	824	979	9.31e-34	125
Csep008694	XM_032932187.2	47.679	237	114	5	19	247	94	328	3.10e-60	205
Csep008694	XM_045174889.1	47.679	237	114	5	19	247	94	328	3.10e-60	205
Csep008694	XM_045174890.1	47.679	237	114	5	19	247	94	328	3.10e-60	205
Acrc029560	XM_032932187.2	68.031	391	123	2	1	391	989	1377	0.0	567
Acrc029560	XM_045174889.1	68.031	391	123	2	1	391	989	1377	0.0	567
Acrc029560	XM_045174890.1	68.031	391	123	2	1	391	989	1377	0.0	567
Acrc020336	XM_032932187.2	68.848	382	117	2	3	384	995	1374	0.0	563
Acrc020336	XM_045174889.1	68.848	382	117	2	3	384	995	1374	0.0	563
Acrc020336	XM_045174890.1	68.848	382	117	2	3	384	995	1374	0.0	563
Acrc010225	XM_032932187.2	48.790	785	364	18	404	1172	565	1327	0.0	697
Acrc010225	XM_032932187.2	37.634	279	154	8	61	329	141	409	3.83e-40	162
Acrc010225	XM_045174889.1	48.790	785	364	18	404	1172	565	1327	0.0	697
Acrc010225	XM_045174889.1	37.634	279	154	8	61	329	141	409	3.83e-40	162
Acrc010225	XM_045174890.1	48.790	785	364	18	404	1172	565	1327	0.0	697
Acrc010225	XM_045174890.1	37.634	279	154	8	61	329	141	409	3.83e-40	162
Arud004630	XM_032932187.2	38.261	115	68	3	122	233	479	593	4.39e-16	77.8
Arud004630	XM_045174889.1	38.261	115	68	3	122	233	479	593	4.39e-16	77.8
Arud004630	XM_045174890.1	38.261	115	68	3	122	233	479	593	4.39e-16	77.8
Agly006256	XM_032932187.2	27.907	817	476	25	1	724	189	985	6.44e-78	273
Agly006256	XM_045174889.1	27.907	817	476	25	1	724	189	985	6.44e-78	273
Agly006256	XM_045174890.1	27.907	817	476	25	1	724	189	985	6.44e-78	273
Edan014024	XM_032932187.2	28.938	273	148	9	192	426	42	306	2.81e-23	103
Edan014024	XM_045174889.1	28.938	273	148	9	192	426	42	306	2.81e-23	103
Edan014024	XM_045174890.1	28.938	273	148	9	192	426	42	306	2.81e-23	103
Edan003271	XM_032932187.2	48.696	115	39	3	14	113	1189	1298	2.75e-31	116
Edan003271	XM_045174889.1	48.696	115	39	3	14	113	1189	1298	2.75e-31	116
Edan003271	XM_045174890.1	48.696	115	39	3	14	113	1189	1298	2.75e-31	116
Agos001899	XM_032932187.2	46.071	929	455	21	330	1229	463	1374	0.0	766
Agos001899	XM_032932187.2	38.129	278	153	8	72	339	141	409	2.63e-40	163
Agos001899	XM_045174889.1	46.071	929	455	21	330	1229	463	1374	0.0	766
Agos001899	XM_045174889.1	38.129	278	153	8	72	339	141	409	2.63e-40	163
Agos001899	XM_045174890.1	46.071	929	455	21	330	1229	463	1374	0.0	766
Agos001899	XM_045174890.1	38.129	278	153	8	72	339	141	409	2.63e-40	163
hom22342.t1	XM_032932187.2	58.333	36	13	1	1	36	441	474	6.56e-08	47.0
hom22342.t1	XM_045174889.1	58.333	36	13	1	1	36	441	474	6.56e-08	47.0
hom22342.t1	XM_045174890.1	58.333	36	13	1	1	36	441	474	6.56e-08	47.0
abi23273.t1	XM_032932187.2	33.042	457	253	18	1	414	441	887	7.76e-57	202
abi23273.t1	XM_045174889.1	33.042	457	253	18	1	414	441	887	7.76e-57	202
abi23273.t1	XM_045174890.1	33.042	457	253	18	1	414	441	887	7.76e-57	202
abi1558.t1	XM_032932187.2	45.455	165	82	3	1	159	228	390	1.87e-44	155
abi1558.t1	XM_045174889.1	45.455	165	82	3	1	159	228	390	1.87e-44	155
abi1558.t1	XM_045174890.1	45.455	165	82	3	1	159	228	390	1.87e-44	155
Oins000266	XM_032932187.2	40.185	866	421	21	8	795	545	1391	0.0	590
Oins000266	XM_045174889.1	40.185	866	421	21	8	795	545	1391	0.0	590
Oins000266	XM_045174890.1	40.185	866	421	21	8	795	545	1391	0.0	590
Oins001412	XM_032932187.2	55.000	100	42	2	1	98	958	1056	8.23e-31	114
Oins001412	XM_045174889.1	55.000	100	42	2	1	98	958	1056	8.23e-31	114
Oins001412	XM_045174890.1	55.000	100	42	2	1	98	958	1056	8.23e-31	114
Lmig014360	XM_032932187.2	28.000	525	308	18	338	811	323	828	2.00e-40	161
Lmig014360	XM_032932187.2	26.471	204	120	9	207	393	500	690	1.41e-09	62.4
Lmig014360	XM_045174889.1	28.000	525	308	18	338	811	323	828	2.00e-40	161
Lmig014360	XM_045174889.1	26.471	204	120	9	207	393	500	690	1.41e-09	62.4
Lmig014360	XM_045174890.1	28.000	525	308	18	338	811	323	828	2.00e-40	161
Lmig014360	XM_045174890.1	26.471	204	120	9	207	393	500	690	1.41e-09	62.4
Lmig014360	XM_032920915.2	20.809	346	234	11	38	359	911	1240	2.27e-05	48.5
Oins036688	XM_032932187.2	66.736	481	117	6	37	477	909	1386	0.0	645
Oins036688	XM_045174889.1	66.736	481	117	6	37	477	909	1386	0.0	645
Oins036688	XM_045174890.1	66.736	481	117	6	37	477	909	1386	0.0	645
Msex002603	XM_032932187.2	46.789	1308	607	29	150	1414	118	1379	0.0	1103
Msex002603	XM_045174889.1	46.789	1308	607	29	150	1414	118	1379	0.0	1103
Msex002603	XM_045174890.1	46.789	1308	607	29	150	1414	118	1379	0.0	1103
Mext010362	XM_032932187.2	60.784	51	20	0	9	59	928	978	1.12e-15	74.3
Mext010362	XM_045174889.1	60.784	51	20	0	9	59	928	978	1.12e-15	74.3
Mext010362	XM_045174890.1	60.784	51	20	0	9	59	928	978	1.12e-15	74.3
Init012204	XM_032932187.2	72.678	183	49	1	16	197	1188	1370	6.03e-90	288
Init012204	XM_045174889.1	72.678	183	49	1	16	197	1188	1370	6.03e-90	288
Init012204	XM_045174890.1	72.678	183	49	1	16	197	1188	1370	6.03e-90	288
Mext025381	XM_032932187.2	79.339	121	22	2	6	126	1237	1354	9.42e-64	209
Mext025381	XM_045174889.1	79.339	121	22	2	6	126	1237	1354	9.42e-64	209
Mext025381	XM_045174890.1	79.339	121	22	2	6	126	1237	1354	9.42e-64	209
Ldor021218	XM_032932187.2	43.077	65	36	1	2	66	171	234	3.56e-13	62.4
Ldor021218	XM_045174889.1	43.077	65	36	1	2	66	171	234	3.56e-13	62.4
Ldor021218	XM_045174890.1	43.077	65	36	1	2	66	171	234	3.56e-13	62.4
Hcor016086	XM_032932187.2	49.432	176	55	4	88	235	1201	1370	2.23e-44	159
Hcor016086	XM_032932187.2	54.762	42	19	0	14	55	939	980	1.62e-08	55.1
Hcor016086	XM_045174889.1	49.432	176	55	4	88	235	1201	1370	2.23e-44	159
Hcor016086	XM_045174889.1	54.762	42	19	0	14	55	939	980	1.62e-08	55.1
Hcor016086	XM_045174890.1	49.432	176	55	4	88	235	1201	1370	2.23e-44	159
Hcor016086	XM_045174890.1	54.762	42	19	0	14	55	939	980	1.62e-08	55.1
Hpha005020	XM_032932187.2	82.400	125	22	0	12	136	1252	1376	4.60e-68	222
Hpha005020	XM_045174889.1	82.400	125	22	0	12	136	1252	1376	4.60e-68	222
Hpha005020	XM_045174890.1	82.400	125	22	0	12	136	1252	1376	4.60e-68	222
Ityp024876	XM_032932187.2	35.714	112	65	2	13	118	835	945	2.74e-13	65.5
Ityp024876	XM_045174889.1	35.714	112	65	2	13	118	835	945	2.74e-13	65.5
Ityp024876	XM_045174890.1	35.714	112	65	2	13	118	835	945	2.74e-13	65.5
Gfla011348	XM_032932187.2	52.529	1285	547	24	130	1382	121	1374	0.0	1294
Gfla011348	XM_045174889.1	52.529	1285	547	24	130	1382	121	1374	0.0	1294
Gfla011348	XM_045174890.1	52.529	1285	547	24	130	1382	121	1374	0.0	1294
Gfla011348	XM_032928836.2	25.248	202	122	7	907	1100	180	360	4.26e-05	48.1
Gfla011348	XM_032928837.2	25.248	202	122	7	907	1100	180	360	6.10e-05	47.8
Psol004310	XM_032932187.2	38.111	307	166	7	2	291	107	406	1.05e-56	202
Psol004310	XM_032932187.2	25.000	112	77	4	300	407	491	599	5.59e-07	52.4
Psol004310	XM_045174889.1	38.111	307	166	7	2	291	107	406	1.05e-56	202
Psol004310	XM_045174889.1	25.000	112	77	4	300	407	491	599	5.59e-07	52.4
Psol004310	XM_045174890.1	38.111	307	166	7	2	291	107	406	1.05e-56	202
Psol004310	XM_045174890.1	25.000	112	77	4	300	407	491	599	5.59e-07	52.4
Pcon003752	XM_032932187.2	39.296	682	363	15	526	1158	695	1374	1.36e-145	474
Pcon003752	XM_045174889.1	39.296	682	363	15	526	1158	695	1374	1.36e-145	474
Pcon003752	XM_045174890.1	39.296	682	363	15	526	1158	695	1374	1.36e-145	474
Bsko005637	XM_032932187.2	51.251	1239	540	26	87	1292	108	1315	0.0	1199
Bsko005637	XM_045174889.1	51.251	1239	540	26	87	1292	108	1315	0.0	1199
Bsko005637	XM_045174890.1	51.251	1239	540	26	87	1292	108	1315	0.0	1199
Cdom015322	XM_032932187.2	40.625	64	37	1	2	65	171	233	5.03e-11	56.2
Cdom015322	XM_045174889.1	40.625	64	37	1	2	65	171	233	5.03e-11	56.2
Cdom015322	XM_045174890.1	40.625	64	37	1	2	65	171	233	5.03e-11	56.2
Brho035309	XM_032932187.2	26.923	130	84	2	2	130	183	302	3.14e-13	65.5
Brho035309	XM_045174889.1	26.923	130	84	2	2	130	183	302	3.14e-13	65.5
Brho035309	XM_045174890.1	26.923	130	84	2	2	130	183	302	3.14e-13	65.5
Heth021292	XM_032932187.2	32.597	362	197	15	2	340	536	873	5.02e-40	150
Heth021292	XM_045174889.1	32.597	362	197	15	2	340	536	873	5.02e-40	150
Heth021292	XM_045174890.1	32.597	362	197	15	2	340	536	873	5.02e-40	150
Hcyd036675	XM_032932187.2	43.649	740	351	23	2	707	394	1101	7.36e-170	523
Hcyd036675	XM_045174889.1	43.649	740	351	23	2	707	394	1101	7.36e-170	523
Hcyd036675	XM_045174890.1	43.649	740	351	23	2	707	394	1101	7.36e-170	523
Hcyd036675	XM_032928836.2	28.723	188	103	8	519	697	194	359	3.43e-05	47.4
Hcyd036675	XM_032928837.2	28.723	188	103	8	519	697	194	359	5.17e-05	46.6
Hpac027528	XM_032932187.2	59.184	49	19	1	1	49	1174	1221	9.75e-15	65.9
Hpac027528	XM_045174889.1	59.184	49	19	1	1	49	1174	1221	9.75e-15	65.9
Hpac027528	XM_045174890.1	59.184	49	19	1	1	49	1174	1221	9.75e-15	65.9
Ltum034668	XM_032932187.2	59.663	652	238	7	15	649	747	1390	0.0	781
Ltum034668	XM_045174889.1	59.663	652	238	7	15	649	747	1390	0.0	781
Ltum034668	XM_045174890.1	59.663	652	238	7	15	649	747	1390	0.0	781
Ltum029625	XM_032932187.2	45.126	636	321	12	246	868	112	732	6.71e-167	523
Ltum029625	XM_045174889.1	45.126	636	321	12	246	868	112	732	6.71e-167	523
Ltum029625	XM_045174890.1	45.126	636	321	12	246	868	112	732	6.71e-167	523
Lhet024775	XM_032932187.2	43.191	1285	568	28	5	1152	115	1374	0.0	959
Lhet024775	XM_045174889.1	43.191	1285	568	28	5	1152	115	1374	0.0	959
Lhet024775	XM_045174890.1	43.191	1285	568	28	5	1152	115	1374	0.0	959
Euro008589	XM_032932187.2	49.199	1311	606	23	62	1345	107	1384	0.0	1232
Euro008589	XM_045174889.1	49.199	1311	606	23	62	1345	107	1384	0.0	1232
Euro008589	XM_045174890.1	49.199	1311	606	23	62	1345	107	1384	0.0	1232
Euro008589	XM_032928836.2	29.348	184	100	8	880	1054	198	360	1.66e-06	52.8
Euro008589	XM_032928837.2	29.348	184	100	8	880	1054	198	360	3.35e-06	51.6
Ppec012978	XM_032932187.2	50.745	1275	551	28	41	1256	121	1377	0.0	1190
Ppec012978	XM_045174889.1	50.745	1275	551	28	41	1256	121	1377	0.0	1190
Ppec012978	XM_045174890.1	50.745	1275	551	28	41	1256	121	1377	0.0	1190
Ppec012978	XM_045173951.1	44.828	58	23	3	315	371	447	496	2.05e-04	46.2
Ppec012978	XM_045173946.1	44.828	58	23	3	315	371	447	496	2.05e-04	46.2
Ppup001623	XM_032932187.2	46.861	1370	649	28	12	1342	45	1374	0.0	1184
Ppup001623	XM_045174889.1	46.861	1370	649	28	12	1342	45	1374	0.0	1184
Ppup001623	XM_045174890.1	46.861	1370	649	28	12	1342	45	1374	0.0	1184
Ppup001623	XM_032926499.2	24.887	221	124	8	885	1091	5	197	9.72e-05	46.6
Plon009345	XM_032932187.2	40.550	291	159	6	78	360	122	406	2.55e-56	199
Plon009345	XM_045174889.1	40.550	291	159	6	78	360	122	406	2.55e-56	199
Plon009345	XM_045174890.1	40.550	291	159	6	78	360	122	406	2.55e-56	199
Sexi008515	XM_032932187.2	46.897	1305	614	29	166	1432	111	1374	0.0	1113
Sexi008515	XM_045174889.1	46.897	1305	614	29	166	1432	111	1374	0.0	1113
Sexi008515	XM_045174890.1	46.897	1305	614	29	166	1432	111	1374	0.0	1113
Sory003013	XM_032932187.2	45.659	1290	621	30	72	1300	121	1391	0.0	1086
Sory003013	XM_045174889.1	45.659	1290	621	30	72	1300	121	1391	0.0	1086
Sory003013	XM_045174890.1	45.659	1290	621	30	72	1300	121	1391	0.0	1086
Schi022746	XM_032932187.2	46.609	929	453	18	328	1230	463	1374	0.0	786
Schi022746	XM_032932187.2	36.610	295	174	7	69	356	141	429	7.40e-45	177
Schi022746	XM_045174889.1	46.609	929	453	18	328	1230	463	1374	0.0	786
Schi022746	XM_045174889.1	36.610	295	174	7	69	356	141	429	7.40e-45	177
Schi022746	XM_045174890.1	46.609	929	453	18	328	1230	463	1374	0.0	786
Schi022746	XM_045174890.1	36.610	295	174	7	69	356	141	429	7.40e-45	177
Sgrm023586	XM_032932187.2	49.157	830	392	18	405	1222	565	1376	0.0	766
Sgrm023586	XM_032932187.2	33.918	342	198	10	2	325	73	404	4.67e-38	155
Sgrm023586	XM_045174889.1	49.157	830	392	18	405	1222	565	1376	0.0	766
Sgrm023586	XM_045174889.1	33.918	342	198	10	2	325	73	404	4.67e-38	155
Sgrm023586	XM_045174890.1	49.157	830	392	18	405	1222	565	1376	0.0	766
Sgrm023586	XM_045174890.1	33.918	342	198	10	2	325	73	404	4.67e-38	155
Tmol025914	XM_032932187.2	68.919	222	66	2	1	219	1153	1374	6.55e-101	319
Tmol025914	XM_045174889.1	68.919	222	66	2	1	219	1153	1374	6.55e-101	319
Tmol025914	XM_045174890.1	68.919	222	66	2	1	219	1153	1374	6.55e-101	319
Sumb025798	XM_032932187.2	45.327	1284	561	27	8	1176	117	1374	0.0	1061
Sumb025798	XM_045174889.1	45.327	1284	561	27	8	1176	117	1374	0.0	1061
Sumb025798	XM_045174890.1	45.327	1284	561	27	8	1176	117	1374	0.0	1061
Timm003706	XM_032932187.2	39.906	213	114	6	1	210	774	975	1.06e-41	151
Timm003706	XM_045174889.1	39.906	213	114	6	1	210	774	975	1.06e-41	151
Timm003706	XM_045174890.1	39.906	213	114	6	1	210	774	975	1.06e-41	151
