KAK4005979.1	XM_032928836.2	98.881	536	6	0	1	536	1	536	0.0	1110
KAK4005979.1	XM_032928837.2	98.729	472	6	0	1	472	1	472	0.0	978
KAK4005979.1	XM_045173364.1	26.901	513	318	19	55	532	110	600	8.67e-35	138
KAK4005979.1	XM_032930364.2	26.562	512	321	18	55	532	110	600	9.43e-35	138
KAK4005979.1	XM_045173363.1	26.901	513	318	19	55	532	110	600	1.01e-34	138
KAK4005979.1	XM_045173362.1	26.901	513	318	19	55	532	110	600	1.42e-34	138
KAK4005979.1	XM_045173361.1	26.562	512	321	18	55	532	110	600	2.45e-34	138
KAK4005979.1	XM_045173358.1	26.901	513	318	19	55	532	110	600	2.53e-34	138
KAK4005979.1	XM_045173360.1	26.901	513	318	19	55	532	110	600	2.53e-34	138
KAK4005979.1	XM_045173359.1	26.901	513	318	19	55	532	110	600	2.53e-34	138
